1.000985860824584961e+00 -1.162514090538024902e-04 -1.456200182437896729e-01 8.711962103843688965e-01 -8.553658723831176758e-01 -8.710799813270568848e-01
1.000784635543823242e+00 -6.916373968124389648e-05 -1.456048190593719482e-01 8.711165785789489746e-01 -8.551797866821289062e-01 -8.710474371910095215e-01
1.000561714172363281e+00 -2.007931470870971680e-05 -1.455549150705337524e-01 8.709920048713684082e-01 -8.550068140029907227e-01 -8.709719181060791016e-01
1.000364542007446289e+00 5.032867193222045898e-05 -1.454767286777496338e-01 8.708414435386657715e-01 -8.548878431320190430e-01 -8.708917498588562012e-01
1.000167608261108398e+00 1.208260655403137207e-04 -1.453982740640640259e-01 8.706909418106079102e-01 -8.547693490982055664e-01 -8.708117604255676270e-01
9.999788999557495117e-01 1.841858029365539551e-04 -1.453221738338470459e-01 8.705145120620727539e-01 -8.546566963195800781e-01 -8.706986904144287109e-01
9.997875690460205078e-01 2.469196915626525879e-04 -1.452473104000091553e-01 8.703520298004150391e-01 -8.545402288436889648e-01 -8.705989718437194824e-01
9.995277523994445801e-01 2.975985407829284668e-04 -1.451978683471679688e-01 8.701658248901367188e-01 -8.543298840522766113e-01 -8.704634308815002441e-01
9.992476105690002441e-01 3.413334488868713379e-04 -1.451515853404998779e-01 8.699387311935424805e-01 -8.540960550308227539e-01 -8.702800869941711426e-01
9.989654421806335449e-01 3.508552908897399902e-04 -1.451065242290496826e-01 8.696836829185485840e-01 -8.538589477539062500e-01 -8.700345158576965332e-01
9.986731410026550293e-01 3.784671425819396973e-04 -1.451262086629867554e-01 8.694274425506591797e-01 -8.535469174385070801e-01 -8.698059320449829102e-01
9.981803297996520996e-01 4.297122359275817871e-04 -1.451318264007568359e-01 8.691786527633666992e-01 -8.530485033988952637e-01 -8.696083426475524902e-01
9.976678490638732910e-01 4.826262593269348145e-04 -1.450360119342803955e-01 8.686434030532836914e-01 -8.526318073272705078e-01 -8.691260218620300293e-01
9.971523284912109375e-01 5.257949233055114746e-04 -1.449200809001922607e-01 8.680304288864135742e-01 -8.522322177886962891e-01 -8.685562014579772949e-01
9.966250061988830566e-01 5.967542529106140137e-04 -1.448246091604232788e-01 8.674780130386352539e-01 -8.518003821372985840e-01 -8.680747747421264648e-01
9.961039423942565918e-01 6.764009594917297363e-04 -1.446724832057952881e-01 8.669141530990600586e-01 -8.514314889907836914e-01 -8.675905466079711914e-01
9.954610466957092285e-01 8.126273751258850098e-04 -1.443808972835540771e-01 8.663937449455261230e-01 -8.510801792144775391e-01 -8.672063946723937988e-01
9.947549700736999512e-01 9.618476033210754395e-04 -1.440087258815765381e-01 8.658698201179504395e-01 -8.507462739944458008e-01 -8.668316602706909180e-01
9.940494298934936523e-01 1.111201941967010498e-03 -1.436352580785751343e-01 8.653457164764404297e-01 -8.504141569137573242e-01 -8.664569258689880371e-01
9.933733344078063965e-01 1.281194388866424561e-03 -1.432825624942779541e-01 8.647482395172119141e-01 -8.500907421112060547e-01 -8.660294413566589355e-01
9.926431775093078613e-01 1.503817737102508545e-03 -1.428453326225280762e-01 8.640176057815551758e-01 -8.497978448867797852e-01 -8.655214309692382812e-01
9.918846487998962402e-01 1.747466623783111572e-03 -1.423475742340087891e-01 8.632409572601318359e-01 -8.495370745658874512e-01 -8.649884462356567383e-01
9.911262392997741699e-01 1.991041004657745361e-03 -1.418500691652297974e-01 8.624643087387084961e-01 -8.492761850357055664e-01 -8.644553422927856445e-01
9.903609752655029297e-01 2.236299216747283936e-03 -1.413391232490539551e-01 8.617002964019775391e-01 -8.490218520164489746e-01 -8.639366030693054199e-01
9.895687699317932129e-01 2.480976283550262451e-03 -1.408175528049468994e-01 8.609808087348937988e-01 -8.487511873245239258e-01 -8.634617924690246582e-01
9.887728095054626465e-01 2.724640071392059326e-03 -1.402697861194610596e-01 8.602619171142578125e-01 -8.485029935836791992e-01 -8.629865646362304688e-01
9.879460334777832031e-01 2.950035035610198975e-03 -1.396917104721069336e-01 8.595424294471740723e-01 -8.482543230056762695e-01 -8.624924421310424805e-01
9.871193766593933105e-01 3.270782530307769775e-03 -1.390979737043380737e-01 8.587132692337036133e-01 -8.480213880538940430e-01 -8.619840741157531738e-01
9.862927794456481934e-01 3.591470420360565186e-03 -1.385041624307632446e-01 8.578842282295227051e-01 -8.477886319160461426e-01 -8.614757061004638672e-01
9.854579567909240723e-01 3.908537328243255615e-03 -1.378932595252990723e-01 8.570396900177001953e-01 -8.475646972656250000e-01 -8.609482049942016602e-01
9.845682978630065918e-01 4.227943718433380127e-03 -1.372449845075607300e-01 8.561700582504272461e-01 -8.473232984542846680e-01 -8.603979945182800293e-01
9.836619496345520020e-01 4.555977880954742432e-03 -1.365625262260437012e-01 8.553174734115600586e-01 -8.470994234085083008e-01 -8.598734736442565918e-01
9.827582836151123047e-01 4.886783659458160400e-03 -1.358856260776519775e-01 8.544709682464599609e-01 -8.468726873397827148e-01 -8.593577742576599121e-01
9.813343882560729980e-01 5.395941436290740967e-03 -1.353183090686798096e-01 8.533756136894226074e-01 -8.460160493850708008e-01 -8.587715625762939453e-01
9.796741604804992676e-01 5.946703255176544189e-03 -1.346908658742904663e-01 8.521236181259155273e-01 -8.449832797050476074e-01 -8.580703139305114746e-01
9.780170321464538574e-01 6.491400301456451416e-03 -1.340462267398834229e-01 8.508667945861816406e-01 -8.439707756042480469e-01 -8.573582172393798828e-01
9.763597846031188965e-01 7.036186754703521729e-03 -1.334015578031539917e-01 8.496097326278686523e-01 -8.429582118988037109e-01 -8.566459417343139648e-01
9.747024774551391602e-01 7.580913603305816650e-03 -1.327568739652633667e-01 8.483529090881347656e-01 -8.419455885887145996e-01 -8.559338450431823730e-01
9.730606079101562500e-01 8.109904825687408447e-03 -1.321242153644561768e-01 8.470501899719238281e-01 -8.409364223480224609e-01 -8.551601171493530273e-01
9.714435935020446777e-01 8.650712668895721436e-03 -1.314726173877716064e-01 8.456326723098754883e-01 -8.399709463119506836e-01 -8.542833924293518066e-01
9.699292778968811035e-01 9.183160960674285889e-03 -1.307635903358459473e-01 8.440447449684143066e-01 -8.391656875610351562e-01 -8.532279133796691895e-01
9.684838056564331055e-01 9.707115590572357178e-03 -1.300757825374603271e-01 8.424721956253051758e-01 -8.384079933166503906e-01 -8.521792888641357422e-01
9.670383334159851074e-01 1.023098081350326538e-02 -1.293878704309463501e-01 8.408997654914855957e-01 -8.376504778861999512e-01 -8.511307239532470703e-01
9.653958678245544434e-01 1.083263009786605835e-02 -1.286353915929794312e-01 8.393614292144775391e-01 -8.367604613304138184e-01 -8.501940369606018066e-01
9.636983871459960938e-01 1.144728809595108032e-02 -1.278683841228485107e-01 8.378247022628784180e-01 -8.358299732208251953e-01 -8.492720127105712891e-01
9.620276093482971191e-01 1.204080134630203247e-02 -1.271113455295562744e-01 8.362746238708496094e-01 -8.349162340164184570e-01 -8.483154177665710449e-01
9.603620171546936035e-01 1.263151317834854126e-02 -1.263533681631088257e-01 8.347538113594055176e-01 -8.340086340904235840e-01 -8.473853468894958496e-01
9.587177634239196777e-01 1.320550590753555298e-02 -1.255720257759094238e-01 8.332182168960571289e-01 -8.331457376480102539e-01 -8.464237451553344727e-01
9.571054577827453613e-01 1.375894993543624878e-02 -1.247860714793205261e-01 8.316313028335571289e-01 -8.323193788528442383e-01 -8.453902602195739746e-01
9.554932117462158203e-01 1.431236416101455688e-02 -1.240002959966659546e-01 8.300445079803466797e-01 -8.314929008483886719e-01 -8.443568944931030273e-01
9.538809657096862793e-01 1.486577838659286499e-02 -1.232142746448516846e-01 8.284574747085571289e-01 -8.306666612625122070e-01 -8.433232307434082031e-01
9.522429704666137695e-01 1.544190198183059692e-02 -1.224374026060104370e-01 8.268455862998962402e-01 -8.298055529594421387e-01 -8.422874808311462402e-01
9.505938887596130371e-01 1.602763682603836060e-02 -1.216643601655960083e-01 8.252226114273071289e-01 -8.289295434951782227e-01 -8.412502408027648926e-01
9.489451050758361816e-01 1.661338657140731812e-02 -1.208913102746009827e-01 8.236000537872314453e-01 -8.280537724494934082e-01 -8.402134180068969727e-01
9.467973709106445312e-01 1.728870719671249390e-02 -1.198543533682823181e-01 8.213778734207153320e-01 -8.269430398941040039e-01 -8.386665582656860352e-01
9.445880055427551270e-01 1.797354966402053833e-02 -1.187944859266281128e-01 8.190885782241821289e-01 -8.257935047149658203e-01 -8.370621204376220703e-01
9.423785805702209473e-01 1.865842193365097046e-02 -1.177346706390380859e-01 8.167992830276489258e-01 -8.246439099311828613e-01 -8.354576826095581055e-01
9.401772618293762207e-01 1.934390515089035034e-02 -1.166523844003677368e-01 8.145005106925964355e-01 -8.235248923301696777e-01 -8.338444232940673828e-01
9.380071759223937988e-01 2.003184705972671509e-02 -1.154851168394088745e-01 8.121656179428100586e-01 -8.225220441818237305e-01 -8.321974873542785645e-01
9.356455206871032715e-01 2.072482556104660034e-02 -1.143192574381828308e-01 8.099998831748962402e-01 -8.213262557983398438e-01 -8.307247161865234375e-01
9.331439733505249023e-01 2.144201844930648804e-02 -1.132676005363464355e-01 8.079403638839721680e-01 -8.198763728141784668e-01 -8.293823599815368652e-01
9.306321740150451660e-01 2.217880636453628540e-02 -1.121682301163673401e-01 8.058549761772155762e-01 -8.184639215469360352e-01 -8.280338048934936523e-01
9.280276894569396973e-01 2.302034944295883179e-02 -1.108248829841613770e-01 8.038148283958435059e-01 -8.172028064727783203e-01 -8.268351554870605469e-01
9.254184365272521973e-01 2.392508834600448608e-02 -1.094357669353485107e-01 8.017784953117370605e-01 -8.159826993942260742e-01 -8.257035613059997559e-01
9.229276776313781738e-01 2.477715164422988892e-02 -1.080549061298370361e-01 7.997558116912841797e-01 -8.148727416992187500e-01 -8.245329856872558594e-01
9.204088449478149414e-01 2.561282366514205933e-02 -1.066280230879783630e-01 7.976924180984497070e-01 -8.137808442115783691e-01 -8.233052492141723633e-01
9.179009199142456055e-01 2.644339948892593384e-02 -1.051972210407257080e-01 7.956126332283020020e-01 -8.127037286758422852e-01 -8.220560550689697266e-01
9.155744910240173340e-01 2.723508328199386597e-02 -1.040401309728622437e-01 7.932980060577392578e-01 -8.115343451499938965e-01 -8.205330967903137207e-01
9.132515788078308105e-01 2.802138775587081909e-02 -1.028802320361137390e-01 7.909786701202392578e-01 -8.103713393211364746e-01 -8.190000653266906738e-01
9.109696745872497559e-01 2.883049100637435913e-02 -1.017059907317161560e-01 7.886292934417724609e-01 -8.092637062072753906e-01 -8.174597620964050293e-01
9.086334109306335449e-01 2.969951182603836060e-02 -1.005254983901977539e-01 7.863188982009887695e-01 -8.081079125404357910e-01 -8.160184025764465332e-01
9.061644673347473145e-01 3.062663227319717407e-02 -9.935180097818374634e-02 7.838145494461059570e-01 -8.068126440048217773e-01 -8.144412040710449219e-01
9.035800695419311523e-01 3.156910091638565063e-02 -9.815833717584609985e-02 7.809439897537231445e-01 -8.054217100143432617e-01 -8.125131130218505859e-01
9.011995196342468262e-01 3.244479745626449585e-02 -9.707623720169067383e-02 7.780803442001342773e-01 -8.041232824325561523e-01 -8.105251193046569824e-01
8.984103202819824219e-01 3.341289609670639038e-02 -9.587156027555465698e-02 7.751437425613403320e-01 -8.025387525558471680e-01 -8.085566163063049316e-01
8.951032757759094238e-01 3.452046960592269897e-02 -9.451052546501159668e-02 7.721884846687316895e-01 -8.005927801132202148e-01 -8.067089319229125977e-01
8.917893767356872559e-01 3.560588508844375610e-02 -9.310603141784667969e-02 7.692463397979736328e-01 -7.986833453178405762e-01 -8.048522472381591797e-01
8.885127902030944824e-01 3.663522750139236450e-02 -9.166383743286132812e-02 7.662668228149414062e-01 -7.968489527702331543e-01 -8.029020428657531738e-01
8.852711915969848633e-01 3.766606003046035767e-02 -9.021700918674468994e-02 7.633037567138671875e-01 -7.950541973114013672e-01 -8.009698390960693359e-01
8.820370435714721680e-01 3.869891911745071411e-02 -8.876055479049682617e-02 7.603484392166137695e-01 -7.932764887809753418e-01 -7.990473508834838867e-01
8.787716031074523926e-01 3.975185006856918335e-02 -8.727689087390899658e-02 7.574152946472167969e-01 -7.914947271347045898e-01 -7.971671223640441895e-01
8.754429817199707031e-01 4.079142957925796509e-02 -8.577731251716613770e-02 7.544931173324584961e-01 -7.896656990051269531e-01 -7.952845692634582520e-01
8.719372153282165527e-01 4.186496883630752563e-02 -8.438988029956817627e-02 7.515895366668701172e-01 -7.875473499298095703e-01 -7.934545278549194336e-01
8.685033321380615234e-01 4.289845377206802368e-02 -8.300121128559112549e-02 7.485679388046264648e-01 -7.855021357536315918e-01 -7.914664149284362793e-01
8.650318980216979980e-01 4.404551535844802856e-02 -8.146972954273223877e-02 7.455507516860961914e-01 -7.835621833801269531e-01 -7.895962595939636230e-01
8.614334464073181152e-01 4.518521577119827271e-02 -7.993090152740478516e-02 7.423082590103149414e-01 -7.815025448799133301e-01 -7.874934673309326172e-01
8.579413294792175293e-01 4.630564898252487183e-02 -7.839173078536987305e-02 7.389047145843505859e-01 -7.795495986938476562e-01 -7.852103710174560547e-01
8.540997505187988281e-01 4.763025790452957153e-02 -7.670078426599502563e-02 7.356048226356506348e-01 -7.773989439010620117e-01 -7.832350730895996094e-01
8.502381443977355957e-01 4.895923286676406860e-02 -7.497936487197875977e-02 7.323004007339477539e-01 -7.752587795257568359e-01 -7.812596559524536133e-01
8.463752865791320801e-01 5.028858035802841187e-02 -7.325877249240875244e-02 7.289949655532836914e-01 -7.731165289878845215e-01 -7.792835235595703125e-01
8.426149487495422363e-01 5.153898149728775024e-02 -7.153920829296112061e-02 7.256168127059936523e-01 -7.710757255554199219e-01 -7.771558165550231934e-01
8.388841152191162109e-01 5.285707861185073853e-02 -6.987591087818145752e-02 7.222323417663574219e-01 -7.690082192420959473e-01 -7.750894427299499512e-01
8.351419568061828613e-01 5.419387668371200562e-02 -6.824383884668350220e-02 7.190008759498596191e-01 -7.668980956077575684e-01 -7.731947302818298340e-01
8.313011527061462402e-01 5.561330169439315796e-02 -6.669945269823074341e-02 7.158169746398925781e-01 -7.646017074584960938e-01 -7.714302539825439453e-01
8.273096680641174316e-01 5.708936601877212524e-02 -6.517865508794784546e-02 7.126203179359436035e-01 -7.621310353279113770e-01 -7.697097063064575195e-01
8.236253857612609863e-01 5.851870030164718628e-02 -6.336363404989242554e-02 7.093028426170349121e-01 -7.602617740631103516e-01 -7.678215503692626953e-01
8.197211623191833496e-01 5.970386415719985962e-02 -6.156536936759948730e-02 7.055034637451171875e-01 -7.581558227539062500e-01 -7.652073502540588379e-01
8.157642483711242676e-01 6.068012863397598267e-02 -5.968141928315162659e-02 7.012418508529663086e-01 -7.560828328132629395e-01 -7.619220018386840820e-01
8.123406767845153809e-01 6.225328892469406128e-02 -5.687456578016281128e-02 6.978284120559692383e-01 -7.554661035537719727e-01 -7.600817084312438965e-01
8.089736104011535645e-01 6.387040764093399048e-02 -5.414239317178726196e-02 6.944619417190551758e-01 -7.548311948776245117e-01 -7.583323717117309570e-01
8.051768541336059570e-01 6.530229002237319946e-02 -5.158118903636932373e-02 6.906734704971313477e-01 -7.535956501960754395e-01 -7.559757828712463379e-01
8.005437850952148438e-01 6.668500602245330811e-02 -4.912481456995010376e-02 6.864817738533020020e-01 -7.514189481735229492e-01 -7.531667947769165039e-01
7.953290343284606934e-01 6.816265732049942017e-02 -4.648554325103759766e-02 6.819354295730590820e-01 -7.488434910774230957e-01 -7.500981092453002930e-01
7.901967167854309082e-01 6.962191313505172729e-02 -4.376427084207534790e-02 6.773500442504882812e-01 -7.464324235916137695e-01 -7.469719648361206055e-01
7.852334976196289062e-01 7.097433507442474365e-02 -4.098547995090484619e-02 6.728098988533020020e-01 -7.442480325698852539e-01 -7.437842488288879395e-01
7.802242040634155273e-01 7.259703427553176880e-02 -3.861220180988311768e-02 6.684595942497253418e-01 -7.416120171546936035e-01 -7.410566210746765137e-01
7.751887440681457520e-01 7.437693327665328979e-02 -3.613973408937454224e-02 6.639692783355712891e-01 -7.390490174293518066e-01 -7.383462190628051758e-01
7.701512575149536133e-01 7.617330551147460938e-02 -3.362035751342773438e-02 6.594960093498229980e-01 -7.365309000015258789e-01 -7.356693148612976074e-01
7.652855515480041504e-01 7.786652445793151855e-02 -3.129453212022781372e-02 6.551163196563720703e-01 -7.339910268783569336e-01 -7.329828739166259766e-01
7.606093287467956543e-01 7.938322424888610840e-02 -2.922222763299942017e-02 6.509250998497009277e-01 -7.313870787620544434e-01 -7.303082942962646484e-01
7.557081580162048340e-01 8.094672113656997681e-02 -2.676284313201904297e-02 6.465486884117126465e-01 -7.289453148841857910e-01 -7.274954319000244141e-01
7.506378889083862305e-01 8.254133164882659912e-02 -2.422998845577239990e-02 6.421067714691162109e-01 -7.264078855514526367e-01 -7.246481180191040039e-01
7.455421686172485352e-01 8.414148539304733276e-02 -2.172243595123291016e-02 6.376676559448242188e-01 -7.238197326660156250e-01 -7.218091487884521484e-01
7.403885126113891602e-01 8.578374236822128296e-02 -1.929038763046264648e-02 6.331194639205932617e-01 -7.210981249809265137e-01 -7.189031839370727539e-01
7.351495623588562012e-01 8.739542216062545776e-02 -1.690565049648284912e-02 6.285091638565063477e-01 -7.182438969612121582e-01 -7.159045934677124023e-01
7.298007607460021973e-01 8.907069265842437744e-02 -1.471906248480081558e-02 6.238354444503784180e-01 -7.150816917419433594e-01 -7.129061222076416016e-01
7.243819832801818848e-01 9.075511246919631958e-02 -1.255718711763620377e-02 6.191464066505432129e-01 -7.118247747421264648e-01 -7.099015116691589355e-01
7.188227772712707520e-01 9.251835197210311890e-02 -1.005922351032495499e-02 6.142072677612304688e-01 -7.087635397911071777e-01 -7.067255973815917969e-01
7.133017778396606445e-01 9.443070739507675171e-02 -7.068582810461521149e-03 6.090540289878845215e-01 -7.062332034111022949e-01 -7.034847140312194824e-01
7.078579068183898926e-01 9.638534486293792725e-02 -3.966861404478549957e-03 6.037549972534179688e-01 -7.038910388946533203e-01 -7.001403570175170898e-01
7.023337483406066895e-01 9.844706207513809204e-02 -6.780559197068214417e-04 5.981575250625610352e-01 -7.016556859016418457e-01 -6.966046094894409180e-01
6.965042352676391602e-01 1.007184609770774841e-01 2.192310057580471039e-03 5.925370454788208008e-01 -6.986965537071228027e-01 -6.932554841041564941e-01
6.907404661178588867e-01 1.029310300946235657e-01 5.050907842814922333e-03 5.871090888977050781e-01 -6.957913637161254883e-01 -6.900401115417480469e-01
6.842995285987854004e-01 1.051740795373916626e-01 8.183083496987819672e-03 5.819572210311889648e-01 -6.924825906753540039e-01 -6.871312856674194336e-01
6.774683594703674316e-01 1.071872040629386902e-01 1.150025706738233566e-02 5.770378708839416504e-01 -6.889685988426208496e-01 -6.842250823974609375e-01
6.704695224761962891e-01 1.093480661511421204e-01 1.483735349029302597e-02 5.718669891357421875e-01 -6.853068470954895020e-01 -6.812150478363037109e-01
6.635848283767700195e-01 1.116585358977317810e-01 1.851163804531097412e-02 5.660357475280761719e-01 -6.820964813232421875e-01 -6.776942610740661621e-01
6.572198271751403809e-01 1.138838678598403931e-01 2.210553362965583801e-02 5.604650378227233887e-01 -6.793253421783447266e-01 -6.743488907814025879e-01
6.512034535408020020e-01 1.160334050655364990e-01 2.566782012581825256e-02 5.551407337188720703e-01 -6.768712997436523438e-01 -6.711741685867309570e-01
6.452993154525756836e-01 1.181794330477714539e-01 2.909236401319503784e-02 5.499538183212280273e-01 -6.743916869163513184e-01 -6.681332588195800781e-01
6.388047337532043457e-01 1.205540895462036133e-01 3.254869580268859863e-02 5.445538759231567383e-01 -6.713534593582153320e-01 -6.651079654693603516e-01
6.316229701042175293e-01 1.232646331191062927e-01 3.662427514791488647e-02 5.382046699523925781e-01 -6.682472229003906250e-01 -6.614692807197570801e-01
6.245836615562438965e-01 1.261226236820220947e-01 4.066228121519088745e-02 5.316054821014404297e-01 -6.652459502220153809e-01 -6.577280759811401367e-01
6.173739433288574219e-01 1.292380094528198242e-01 4.448692500591278076e-02 5.252078771591186523e-01 -6.618608832359313965e-01 -6.544458866119384766e-01
6.100224256515502930e-01 1.324301511049270630e-01 4.813230410218238831e-02 5.187260508537292480e-01 -6.581547260284423828e-01 -6.511561870574951172e-01
6.024743318557739258e-01 1.354862451553344727e-01 5.223249644041061401e-02 5.120387673377990723e-01 -6.547068357467651367e-01 -6.475250124931335449e-01
5.951763987541198730e-01 1.382296681404113770e-01 5.644722282886505127e-02 5.053303837776184082e-01 -6.516236066818237305e-01 -6.435600519180297852e-01
5.880106687545776367e-01 1.408581733703613281e-01 6.073208898305892944e-02 4.985358417034149170e-01 -6.487427353858947754e-01 -6.393940448760986328e-01
5.806171894073486328e-01 1.435362100601196289e-01 6.468319892883300781e-02 4.917652904987335205e-01 -6.453003883361816406e-01 -6.353014707565307617e-01
5.729562044143676758e-01 1.463671624660491943e-01 6.879521906375885010e-02 4.849933385848999023e-01 -6.417514085769653320e-01 -6.313605308532714844e-01
5.642877817153930664e-01 1.494710892438888550e-01 7.312418520450592041e-02 4.777089059352874756e-01 -6.374119520187377930e-01 -6.271799802780151367e-01
5.557173490524291992e-01 1.526630818843841553e-01 7.766942679882049561e-02 4.705238640308380127e-01 -6.333867907524108887e-01 -6.231869459152221680e-01
5.472660660743713379e-01 1.557948589324951172e-01 8.264242112636566162e-02 4.633713960647583008e-01 -6.299085021018981934e-01 -6.191662549972534180e-01
5.389255285263061523e-01 1.587250232696533203e-01 8.734299242496490479e-02 4.562299549579620361e-01 -6.262685060501098633e-01 -6.149549484252929688e-01
5.312293767929077148e-01 1.619012057781219482e-01 9.231305122375488281e-02 4.492573142051696777e-01 -6.235424280166625977e-01 -6.111584901809692383e-01
5.225246548652648926e-01 1.652699708938598633e-01 9.814853221178054810e-02 4.412717521190643311e-01 -6.206731796264648438e-01 -6.065417528152465820e-01
5.128054022789001465e-01 1.690289378166198730e-01 1.042882204055786133e-01 4.323517978191375732e-01 -6.170936226844787598e-01 -6.013807058334350586e-01
5.023257732391357422e-01 1.730124950408935547e-01 1.095341444015502930e-01 4.226383268833160400e-01 -6.118599176406860352e-01 -5.956507921218872070e-01
4.925326704978942871e-01 1.776085793972015381e-01 1.131500974297523499e-01 4.139429032802581787e-01 -6.056827902793884277e-01 -5.915514826774597168e-01
4.827006757259368896e-01 1.819596290588378906e-01 1.180507093667984009e-01 4.053908586502075195e-01 -6.007513999938964844e-01 -5.873504877090454102e-01
4.716684222221374512e-01 1.858054101467132568e-01 1.246370524168014526e-01 3.973447978496551514e-01 -5.963054895401000977e-01 -5.831502079963684082e-01
4.604627192020416260e-01 1.898427903652191162e-01 1.312484443187713623e-01 3.899393975734710693e-01 -5.917111635208129883e-01 -5.797821879386901855e-01
4.492565989494323730e-01 1.939198374748229980e-01 1.382063031196594238e-01 3.822762668132781982e-01 -5.874629020690917969e-01 -5.761960744857788086e-01
4.382831454277038574e-01 1.980973184108734131e-01 1.457250565290451050e-01 3.744237720966339111e-01 -5.840082168579101562e-01 -5.725210905075073242e-01
4.255886971950531006e-01 2.034226953983306885e-01 1.530730277299880981e-01 3.657601475715637207e-01 -5.786617398262023926e-01 -5.691828727722167969e-01
4.121270179748535156e-01 2.095016837120056152e-01 1.606017649173736572e-01 3.553153574466705322e-01 -5.727287530899047852e-01 -5.648170709609985352e-01
3.991938531398773193e-01 2.157429456710815430e-01 1.701513677835464478e-01 3.426992595195770264e-01 -5.693452358245849609e-01 -5.584422349929809570e-01
3.847766220569610596e-01 2.217252254486083984e-01 1.807367056608200073e-01 3.293370902538299561e-01 -5.655133128166198730e-01 -5.510623455047607422e-01
3.684439659118652344e-01 2.270544469356536865e-01 1.910751163959503174e-01 3.185504972934722900e-01 -5.595190525054931641e-01 -5.456049442291259766e-01
3.512945771217346191e-01 2.347506582736968994e-01 2.044221609830856323e-01 3.061183393001556396e-01 -5.557167530059814453e-01 -5.408689975738525391e-01
3.343561887741088867e-01 2.424777746200561523e-01 2.200490832328796387e-01 2.936313748359680176e-01 -5.544052720069885254e-01 -5.361091494560241699e-01
3.136498034000396729e-01 2.555476725101470947e-01 2.360469698905944824e-01 2.807215452194213867e-01 -5.496968030929565430e-01 -5.362691879272460938e-01
2.814728021621704102e-01 2.674855589866638184e-01 2.663004696369171143e-01 2.687371373176574707e-01 -5.477732419967651367e-01 -5.362226963043212891e-01
2.863047420978546143e-01 2.280429005622863770e-01 2.559469342231750488e-01 2.902167439460754395e-01 -5.422517061233520508e-01 -5.182596445083618164e-01
3.004515171051025391e-01 2.028512060642242432e-01 2.375698685646057129e-01 3.095227777957916260e-01 -5.380213856697082520e-01 -5.123739838600158691e-01
3.119309544563293457e-01 1.883895397186279297e-01 2.213347554206848145e-01 3.217791914939880371e-01 -5.332657098770141602e-01 -5.101687312126159668e-01
3.212696611881256104e-01 1.751757562160491943e-01 2.065844088792800903e-01 3.324371874332427979e-01 -5.278540849685668945e-01 -5.076129436492919922e-01
3.306984007358551025e-01 1.598287522792816162e-01 1.931606233119964600e-01 3.404983580112457275e-01 -5.238590240478515625e-01 -5.003271102905273438e-01
3.385156393051147461e-01 1.459730863571166992e-01 1.796500533819198608e-01 3.480159342288970947e-01 -5.181657075881958008e-01 -4.939890205860137939e-01
3.459747731685638428e-01 1.324334442615509033e-01 1.660509407520294189e-01 3.555314838886260986e-01 -5.120257139205932617e-01 -4.879649281501770020e-01
3.517072498798370361e-01 1.221874058246612549e-01 1.546363830566406250e-01 3.613811135292053223e-01 -5.063436031341552734e-01 -4.835685193538665771e-01
3.571034967899322510e-01 1.118869930505752563e-01 1.435438096523284912e-01 3.672634661197662354e-01 -5.006473064422607422e-01 -4.791504740715026855e-01
3.630177378654479980e-01 1.014316976070404053e-01 1.318886578083038330e-01 3.733023107051849365e-01 -4.949063956737518311e-01 -4.747340083122253418e-01
3.691083788871765137e-01 9.041935205459594727e-02 1.205853521823883057e-01 3.795047700405120850e-01 -4.896937310695648193e-01 -4.699241220951080322e-01
3.736903071403503418e-01 7.929639518260955811e-02 1.103198081254959106e-01 3.843256831169128418e-01 -4.840101003646850586e-01 -4.636220932006835938e-01
3.773930668830871582e-01 6.804522871971130371e-02 1.001679375767707825e-01 3.885563910007476807e-01 -4.775609970092773438e-01 -4.566016197204589844e-01
3.808742761611938477e-01 5.733478069305419922e-02 9.000608325004577637e-02 3.926063477993011475e-01 -4.708803594112396240e-01 -4.499411284923553467e-01
3.846071362495422363e-01 4.707413911819458008e-02 7.977587729692459106e-02 3.960129916667938232e-01 -4.643830060958862305e-01 -4.430871307849884033e-01
3.891749680042266846e-01 3.763651847839355469e-02 6.892156600952148438e-02 3.992065489292144775e-01 -4.580965340137481689e-01 -4.368430674076080322e-01
3.930436968803405762e-01 2.848789840936660767e-02 5.859664082527160645e-02 4.020239710807800293e-01 -4.516403377056121826e-01 -4.305118620395660400e-01
3.966975212097167969e-01 1.990577578544616699e-02 4.881293326616287231e-02 4.043981134891510010e-01 -4.455104470252990723e-01 -4.243038892745971680e-01
4.008123278617858887e-01 1.129560917615890503e-02 3.878455609083175659e-02 4.069880247116088867e-01 -4.395968914031982422e-01 -4.182836413383483887e-01
4.044566154479980469e-01 1.548759639263153076e-03 2.914128825068473816e-02 4.097438752651214600e-01 -4.335978925228118896e-01 -4.112926423549652100e-01
4.081439375877380371e-01 -9.277857840061187744e-03 1.937650144100189209e-02 4.132603704929351807e-01 -4.275204539299011230e-01 -4.039825201034545898e-01
4.115556180477142334e-01 -1.892761141061782837e-02 1.036648359149694443e-02 4.156625270843505859e-01 -4.219220876693725586e-01 -3.967349231243133545e-01
4.145235419273376465e-01 -2.784109860658645630e-02 1.158862374722957611e-03 4.174908697605133057e-01 -4.156824052333831787e-01 -3.896497786045074463e-01
4.170539081096649170e-01 -3.599961847066879272e-02 -7.655867375433444977e-03 4.193021953105926514e-01 -4.093980491161346436e-01 -3.833025693893432617e-01
4.190318584442138672e-01 -4.395631700754165649e-02 -1.621706038713455200e-02 4.206894338130950928e-01 -4.028148055076599121e-01 -3.767331242561340332e-01
4.211802482604980469e-01 -5.252306908369064331e-02 -2.477612346410751343e-02 4.215001165866851807e-01 -3.964041173458099365e-01 -3.689770400524139404e-01
4.231057167053222656e-01 -6.120467185974121094e-02 -3.342431038618087769e-02 4.222784340381622314e-01 -3.896813988685607910e-01 -3.610737621784210205e-01
4.250229895114898682e-01 -6.977052986621856689e-02 -4.261609166860580444e-02 4.231894314289093018e-01 -3.824068903923034668e-01 -3.534188866615295410e-01
4.264980554580688477e-01 -7.800056785345077515e-02 -5.079886317253112793e-02 4.239880740642547607e-01 -3.756991922855377197e-01 -3.459874987602233887e-01
4.273668229579925537e-01 -8.635399490594863892e-02 -5.865142494440078735e-02 4.243856966495513916e-01 -3.687154054641723633e-01 -3.380317091941833496e-01
4.279212355613708496e-01 -9.484403580427169800e-02 -6.760955601930618286e-02 4.245509207248687744e-01 -3.603116869926452637e-01 -3.297068774700164795e-01
4.291440248489379883e-01 -1.030465289950370789e-01 -7.685184478759765625e-02 4.246375858783721924e-01 -3.522921800613403320e-01 -3.215910494327545166e-01
4.303373694419860840e-01 -1.107093766331672668e-01 -8.568035066127777100e-02 4.246379435062408447e-01 -3.446570038795471191e-01 -3.139285743236541748e-01
4.311022758483886719e-01 -1.177685186266899109e-01 -9.383895993232727051e-02 4.245510399341583252e-01 -3.372633159160614014e-01 -3.067825138568878174e-01
4.316313266754150391e-01 -1.250057518482208252e-01 -1.022047325968742371e-01 4.248025715351104736e-01 -3.294265866279602051e-01 -2.997968196868896484e-01
4.320431351661682129e-01 -1.323094666004180908e-01 -1.101433560252189636e-01 4.244590997695922852e-01 -3.218997716903686523e-01 -2.921496331691741943e-01
4.325193166732788086e-01 -1.400081813335418701e-01 -1.184452474117279053e-01 4.239887297153472900e-01 -3.140740692615509033e-01 -2.839805483818054199e-01
4.326254725456237793e-01 -1.475570201873779297e-01 -1.266005188226699829e-01 4.234326779842376709e-01 -3.060249686241149902e-01 -2.758756577968597412e-01
4.320441782474517822e-01 -1.557651460170745850e-01 -1.351912617683410645e-01 4.228980839252471924e-01 -2.968529164791107178e-01 -2.671329379081726074e-01
4.308997392654418945e-01 -1.648379266262054443e-01 -1.440149992704391479e-01 4.227863252162933350e-01 -2.868847250938415527e-01 -2.579483985900878906e-01
4.296855926513671875e-01 -1.736279428005218506e-01 -1.528325527906417847e-01 4.221218228340148926e-01 -2.768530249595642090e-01 -2.484938800334930420e-01
4.286938309669494629e-01 -1.819167733192443848e-01 -1.617822796106338501e-01 4.209720194339752197e-01 -2.669115662574768066e-01 -2.390552461147308350e-01
4.274359941482543945e-01 -1.888785660266876221e-01 -1.709843426942825317e-01 4.188884794712066650e-01 -2.564516663551330566e-01 -2.300099134445190430e-01
4.266426563262939453e-01 -1.957551240921020508e-01 -1.785958111286163330e-01 4.166870713233947754e-01 -2.480468451976776123e-01 -2.209319472312927246e-01
4.256865978240966797e-01 -2.027470469474792480e-01 -1.862978041172027588e-01 4.142369925975799561e-01 -2.393887937068939209e-01 -2.114899456501007080e-01
4.247009456157684326e-01 -2.097580432891845703e-01 -1.939871907234191895e-01 4.117769896984100342e-01 -2.307137548923492432e-01 -2.020189464092254639e-01
4.236822128295898438e-01 -2.166693806648254395e-01 -2.016352862119674683e-01 4.093035161495208740e-01 -2.220469266176223755e-01 -1.926341354846954346e-01
4.227691888809204102e-01 -2.230335175991058350e-01 -2.093490511178970337e-01 4.063472151756286621e-01 -2.134201377630233765e-01 -1.833136975765228271e-01
4.216927886009216309e-01 -2.294683158397674561e-01 -2.168141156435012817e-01 4.033165872097015381e-01 -2.048786729574203491e-01 -1.738482713699340820e-01
4.206892848014831543e-01 -2.360755801200866699e-01 -2.245032042264938354e-01 4.001879394054412842e-01 -1.961860805749893188e-01 -1.641123592853546143e-01
4.192068874835968018e-01 -2.430414557456970215e-01 -2.325012683868408203e-01 3.971348404884338379e-01 -1.867056190967559814e-01 -1.540933847427368164e-01
4.166272878646850586e-01 -2.507850229740142822e-01 -2.405049055814743042e-01 3.939634263515472412e-01 -1.761223822832107544e-01 -1.431784033775329590e-01
4.134450256824493408e-01 -2.586496472358703613e-01 -2.489538788795471191e-01 3.900419473648071289e-01 -1.644911468029022217e-01 -1.313923001289367676e-01
4.104016721248626709e-01 -2.644742131233215332e-01 -2.555228471755981445e-01 3.856661617755889893e-01 -1.548788249492645264e-01 -1.211919486522674561e-01
4.063888788223266602e-01 -2.710285186767578125e-01 -2.616496384143829346e-01 3.806785047054290771e-01 -1.447392404079437256e-01 -1.096499860286712646e-01
4.022845923900604248e-01 -2.777962684631347656e-01 -2.680099010467529297e-01 3.756382167339324951e-01 -1.342746913433074951e-01 -9.784194827079772949e-02
3.980426788330078125e-01 -2.847793698310852051e-01 -2.750651836395263672e-01 3.700850307941436768e-01 -1.229774951934814453e-01 -8.530566096305847168e-02
3.938257098197937012e-01 -2.909912168979644775e-01 -2.827619612216949463e-01 3.645540475845336914e-01 -1.110637485980987549e-01 -7.356283068656921387e-02
3.883000016212463379e-01 -2.972682416439056396e-01 -2.911871671676635742e-01 3.578806221485137939e-01 -9.711283445358276367e-02 -6.061238050460815430e-02
3.820110261440277100e-01 -3.034183681011199951e-01 -2.986522316932678223e-01 3.509473502635955811e-01 -8.335879445075988770e-02 -4.752898216247558594e-02
3.755445480346679688e-01 -3.103078603744506836e-01 -3.072939813137054443e-01 3.433739244937896729e-01 -6.825056672096252441e-02 -3.306606411933898926e-02
3.693054318428039551e-01 -3.165305256843566895e-01 -3.141568899154663086e-01 3.352172076702117920e-01 -5.514854192733764648e-02 -1.868668198585510254e-02
3.633492290973663330e-01 -3.223327994346618652e-01 -3.198051452636718750e-01 3.279037475585937500e-01 -4.354408383369445801e-02 -5.570948123931884766e-03
3.581241369247436523e-01 -3.275506794452667236e-01 -3.253522813320159912e-01 3.209936618804931641e-01 -3.277185559272766113e-02 6.557017564773559570e-03
3.532245159149169922e-01 -3.325171470642089844e-01 -3.311512470245361328e-01 3.147050440311431885e-01 -2.207326889038085938e-02 1.781210303306579590e-02
3.476439416408538818e-01 -3.366791605949401855e-01 -3.363524079322814941e-01 3.075124919414520264e-01 -1.129153370857238770e-02 2.916666865348815918e-02
3.418282270431518555e-01 -3.400973975658416748e-01 -3.405011296272277832e-01 3.005983531475067139e-01 -1.327097415924072266e-03 3.949904441833496094e-02
3.353253602981567383e-01 -3.435530364513397217e-01 -3.444755077362060547e-01 2.928615510463714600e-01 9.150147438049316406e-03 5.069148540496826172e-02
3.290330767631530762e-01 -3.467752933502197266e-01 -3.481170833110809326e-01 2.849497199058532715e-01 1.908400654792785645e-02 6.182557344436645508e-02
3.215185105800628662e-01 -3.523447513580322266e-01 -3.519975543022155762e-01 2.762467861175537109e-01 3.047904372215270996e-02 7.609796524047851562e-02
3.131253719329833984e-01 -3.578442931175231934e-01 -3.559576272964477539e-01 2.660958468914031982e-01 4.283225536346435547e-02 9.174844622611999512e-02
3.056453466415405273e-01 -3.625662326812744141e-01 -3.589088320732116699e-01 2.569246590137481689e-01 5.326348543167114258e-02 1.056415736675262451e-01
2.980991005897521973e-01 -3.673327267169952393e-01 -3.615252673625946045e-01 2.476290911436080933e-01 6.342616677284240723e-02 1.197036355733871460e-01
2.905996739864349365e-01 -3.709736466407775879e-01 -3.645544052124023438e-01 2.375106513500213623e-01 7.395473122596740723e-02 1.334629952907562256e-01
2.834426462650299072e-01 -3.737282752990722656e-01 -3.670727908611297607e-01 2.275564968585968018e-01 8.363014459609985352e-02 1.461717784404754639e-01
2.764366269111633301e-01 -3.758070170879364014e-01 -3.686296045780181885e-01 2.180741876363754272e-01 9.219297766685485840e-02 1.577328294515609741e-01
2.692016661167144775e-01 -3.778852522373199463e-01 -3.699706792831420898e-01 2.086820900440216064e-01 1.007690131664276123e-01 1.692031621932983398e-01
2.612169384956359863e-01 -3.800307512283325195e-01 -3.705626130104064941e-01 1.999515593051910400e-01 1.093456745147705078e-01 1.800791919231414795e-01
2.544986605644226074e-01 -3.820101916790008545e-01 -3.717998862266540527e-01 1.913323700428009033e-01 1.173012256622314453e-01 1.906778216361999512e-01
2.473869472742080688e-01 -3.839169144630432129e-01 -3.728183805942535400e-01 1.825520396232604980e-01 1.254314333200454712e-01 2.013648748397827148e-01
2.387137711048126221e-01 -3.854095637798309326e-01 -3.737939000129699707e-01 1.715687215328216553e-01 1.350801289081573486e-01 2.138408422470092773e-01
2.301714718341827393e-01 -3.875215053558349609e-01 -3.739657402038574219e-01 1.609718948602676392e-01 1.437942683696746826e-01 2.265496104955673218e-01
2.203874588012695312e-01 -3.895525336265563965e-01 -3.743366897106170654e-01 1.479812711477279663e-01 1.539492309093475342e-01 2.415712624788284302e-01
2.105688154697418213e-01 -3.902741372585296631e-01 -3.745306432247161865e-01 1.347372233867645264e-01 1.639618277549743652e-01 2.555369138717651367e-01
2.010542452335357666e-01 -3.903368115425109863e-01 -3.746122121810913086e-01 1.235326826572418213e-01 1.735579669475555420e-01 2.668041288852691650e-01
1.907331794500350952e-01 -3.903627991676330566e-01 -3.735947310924530029e-01 1.124181300401687622e-01 1.828615516424179077e-01 2.779446840286254883e-01
1.823706179857254028e-01 -3.900056481361389160e-01 -3.719183206558227539e-01 1.019226908683776855e-01 1.895477026700973511e-01 2.880829572677612305e-01
1.739780753850936890e-01 -3.893526792526245117e-01 -3.701215088367462158e-01 9.173135459423065186e-02 1.961434334516525269e-01 2.976213097572326660e-01
1.651275157928466797e-01 -3.882012665271759033e-01 -3.678947091102600098e-01 8.212246000766754150e-02 2.027671933174133301e-01 3.060787916183471680e-01
1.556272208690643311e-01 -3.877002000808715820e-01 -3.650506734848022461e-01 7.191671431064605713e-02 2.094234526157379150e-01 3.157835006713867188e-01
1.451707482337951660e-01 -3.866958618164062500e-01 -3.618427217006683350e-01 6.204188242554664612e-02 2.166719734668731689e-01 3.246539831161499023e-01
1.351974010467529297e-01 -3.857637643814086914e-01 -3.585767745971679688e-01 5.232086777687072754e-02 2.233793735504150391e-01 3.334428966045379639e-01
1.259355396032333374e-01 -3.843252956867218018e-01 -3.551082909107208252e-01 4.227036237716674805e-02 2.291727513074874878e-01 3.420549333095550537e-01
1.172415539622306824e-01 -3.825402855873107910e-01 -3.523507714271545410e-01 3.204132616519927979e-02 2.351092100143432617e-01 3.504989743232727051e-01
1.089161485433578491e-01 -3.805710077285766602e-01 -3.494383394718170166e-01 2.214580960571765900e-02 2.405221909284591675e-01 3.584251999855041504e-01
9.996853023767471313e-02 -3.789741396903991699e-01 -3.460714221000671387e-01 1.139883138239383698e-02 2.461028993129730225e-01 3.675753176212310791e-01
9.029648452997207642e-02 -3.773442506790161133e-01 -3.416869342327117920e-01 1.693926751613616943e-04 2.513904571533203125e-01 3.771748542785644531e-01
8.050540089607238770e-02 -3.758838474750518799e-01 -3.361976742744445801e-01 -1.105832681059837341e-02 2.556922733783721924e-01 3.869421780109405518e-01
7.054939866065979004e-02 -3.742299079895019531e-01 -3.304468095302581787e-01 -2.245913818478584290e-02 2.598974108695983887e-01 3.966890573501586914e-01
5.992698669433593750e-02 -3.717447221279144287e-01 -3.244333267211914062e-01 -3.506156429648399353e-02 2.645063400268554688e-01 4.068062901496887207e-01
4.917152225971221924e-02 -3.691543638706207275e-01 -3.189867138862609863e-01 -4.641175642609596252e-02 2.698152065277099609e-01 4.155661165714263916e-01
3.807936608791351318e-02 -3.662474751472473145e-01 -3.139526844024658203e-01 -5.755842849612236023e-02 2.758733034133911133e-01 4.238058924674987793e-01
2.744811773300170898e-02 -3.629201650619506836e-01 -3.095272481441497803e-01 -6.898583471775054932e-02 2.820791304111480713e-01 4.319059848785400391e-01
1.689249277114868164e-02 -3.593279421329498291e-01 -3.053458333015441895e-01 -8.046039938926696777e-02 2.884533405303955078e-01 4.397883415222167969e-01
5.735993385314941406e-03 -3.557318747043609619e-01 -3.001798987388610840e-01 -9.217007458209991455e-02 2.944439053535461426e-01 4.479019641876220703e-01
-5.393385887145996094e-03 -3.514166176319122314e-01 -2.936881184577941895e-01 -1.030753552913665771e-01 2.990815043449401855e-01 4.544919729232788086e-01
-1.738148927688598633e-02 -3.471168279647827148e-01 -2.868381142616271973e-01 -1.139006167650222778e-01 3.042196035385131836e-01 4.610174298286437988e-01
-3.017589449882507324e-02 -3.428267836570739746e-01 -2.801254987716674805e-01 -1.244038790464401245e-01 3.103013932704925537e-01 4.672306776046752930e-01
-4.284626245498657227e-02 -3.380852937698364258e-01 -2.730846107006072998e-01 -1.343657374382019043e-01 3.159308731555938721e-01 4.724510312080383301e-01
-5.365389585494995117e-02 -3.325515985488891602e-01 -2.662847936153411865e-01 -1.443011760711669922e-01 3.199386894702911377e-01 4.768527746200561523e-01
-6.599071621894836426e-02 -3.257643580436706543e-01 -2.577739357948303223e-01 -1.580153107643127441e-01 3.237646520137786865e-01 4.837796688079833984e-01
-8.011022210121154785e-02 -3.188288807868957520e-01 -2.494194060564041138e-01 -1.772192418575286865e-01 3.295296430587768555e-01 4.960481226444244385e-01
-9.310339391231536865e-02 -3.099169433116912842e-01 -2.372212707996368408e-01 -1.939105689525604248e-01 3.303246498107910156e-01 5.038275122642517090e-01
-1.096638292074203491e-01 -2.975972890853881836e-01 -2.216175645589828491e-01 -2.075721919536590576e-01 3.312813937664031982e-01 5.051695108413696289e-01
-1.251713633537292480e-01 -2.871202230453491211e-01 -2.098902463912963867e-01 -2.213046550750732422e-01 3.350616097450256348e-01 5.084248781204223633e-01
-1.427679061889648438e-01 -2.763284742832183838e-01 -1.971545070409774780e-01 -2.363392412662506104e-01 3.399224281311035156e-01 5.126677155494689941e-01
-1.624287068843841553e-01 -2.691853046417236328e-01 -1.858934462070465088e-01 -2.502600550651550293e-01 3.483221530914306641e-01 5.194453597068786621e-01
-1.423739194869995117e-01 -2.899663150310516357e-01 -2.064924240112304688e-01 -2.420359849929809570e-01 3.488663434982299805e-01 5.320023298263549805e-01
-1.291603446006774902e-01 -3.087851703166961670e-01 -2.276696562767028809e-01 -2.272563874721527100e-01 3.568300008773803711e-01 5.360415577888488770e-01
-1.182052195072174072e-01 -3.248648345470428467e-01 -2.444444000720977783e-01 -2.140057384967803955e-01 3.626496195793151855e-01 5.388705730438232422e-01
-1.069190651178359985e-01 -3.398892581462860107e-01 -2.596105933189392090e-01 -2.009407728910446167e-01 3.665296435356140137e-01 5.408300161361694336e-01
-9.686177968978881836e-02 -3.530370295047760010e-01 -2.724695801734924316e-01 -1.914934813976287842e-01 3.693313598632812500e-01 5.445305109024047852e-01
-8.609351515769958496e-02 -3.663550615310668945e-01 -2.845930159091949463e-01 -1.826761662960052490e-01 3.706865310668945312e-01 5.490312576293945312e-01
-7.657726109027862549e-02 -3.795880079269409180e-01 -2.957065701484680176e-01 -1.748050451278686523e-01 3.722838163375854492e-01 5.543930530548095703e-01
-6.730771064758300781e-02 -3.925283253192901611e-01 -3.067407906055450439e-01 -1.668412983417510986e-01 3.740485012531280518e-01 5.593696236610412598e-01
-5.930043756961822510e-02 -4.039576649665832520e-01 -3.171054124832153320e-01 -1.603149026632308960e-01 3.764058351516723633e-01 5.642725825309753418e-01
-5.363152921199798584e-02 -4.135062694549560547e-01 -3.263443708419799805e-01 -1.556415855884552002e-01 3.799759149551391602e-01 5.691478252410888672e-01
-4.813271760940551758e-02 -4.229997098445892334e-01 -3.352923989295959473e-01 -1.512711793184280396e-01 3.834251165390014648e-01 5.742709040641784668e-01
-4.283711314201354980e-02 -4.327476024627685547e-01 -3.443224430084228516e-01 -1.467709541320800781e-01 3.871595561504364014e-01 5.795185565948486328e-01
-3.652590513229370117e-02 -4.428747892379760742e-01 -3.539865016937255859e-01 -1.416958272457122803e-01 3.905124068260192871e-01 5.845706462860107422e-01
-2.983939647674560547e-02 -4.527743756771087646e-01 -3.639691472053527832e-01 -1.367884427309036255e-01 3.938085436820983887e-01 5.895628333091735840e-01
-2.275848388671875000e-02 -4.617661833763122559e-01 -3.743228912353515625e-01 -1.325274854898452759e-01 3.970813751220703125e-01 5.942936539649963379e-01
-1.555691659450531006e-02 -4.705294966697692871e-01 -3.843134641647338867e-01 -1.283696293830871582e-01 3.998703956604003906e-01 5.988991260528564453e-01
-8.217275142669677734e-03 -4.800363183021545410e-01 -3.941106200218200684e-01 -1.240127086639404297e-01 4.023278951644897461e-01 6.040490269660949707e-01
-6.464123725891113281e-04 -4.893563985824584961e-01 -4.041095972061157227e-01 -1.190946400165557861e-01 4.047560095787048340e-01 6.084510087966918945e-01
6.741352379322052002e-03 -4.986184239387512207e-01 -4.143556356430053711e-01 -1.139961183071136475e-01 4.076142907142639160e-01 6.126145124435424805e-01
1.353365182876586914e-02 -5.073553919792175293e-01 -4.242501854896545410e-01 -1.094411462545394897e-01 4.107165336608886719e-01 6.167965531349182129e-01
1.955982297658920288e-02 -5.149719715118408203e-01 -4.331562519073486328e-01 -1.051906198263168335e-01 4.135964214801788330e-01 6.201626062393188477e-01
2.477941662073135376e-02 -5.219770073890686035e-01 -4.411877393722534180e-01 -1.015503406524658203e-01 4.164083302021026611e-01 6.235273480415344238e-01
2.971557527780532837e-02 -5.290449261665344238e-01 -4.489583969116210938e-01 -9.770190715789794922e-02 4.192428290843963623e-01 6.267468333244323730e-01
3.450895100831985474e-02 -5.361441373825073242e-01 -4.562091231346130371e-01 -9.359908103942871094e-02 4.217001795768737793e-01 6.297432184219360352e-01
3.947387635707855225e-02 -5.433503985404968262e-01 -4.632564783096313477e-01 -8.940987288951873779e-02 4.237825870513916016e-01 6.327602863311767578e-01
4.456365108489990234e-02 -5.504558086395263672e-01 -4.701117873191833496e-01 -8.483192324638366699e-02 4.255481362342834473e-01 6.352877616882324219e-01
4.946799576282501221e-02 -5.577423572540283203e-01 -4.769960343837738037e-01 -8.049032092094421387e-02 4.275280237197875977e-01 6.382327079772949219e-01
5.396629124879837036e-02 -5.655228495597839355e-01 -4.838479459285736084e-01 -7.641308009624481201e-02 4.298816621303558350e-01 6.419359445571899414e-01
5.849823355674743652e-02 -5.734894871711730957e-01 -4.906943440437316895e-01 -7.202284038066864014e-02 4.321961104869842529e-01 6.455123424530029297e-01
6.339897960424423218e-02 -5.812900066375732422e-01 -4.977647662162780762e-01 -6.795890629291534424e-02 4.343657791614532471e-01 6.492488980293273926e-01
6.828861683607101440e-02 -5.891001820564270020e-01 -5.047285556793212891e-01 -6.384052336215972900e-02 4.364399313926696777e-01 6.529406905174255371e-01
7.361216098070144653e-02 -5.969067215919494629e-01 -5.115411281585693359e-01 -5.951799079775810242e-02 4.379289746284484863e-01 6.564247012138366699e-01
7.896815240383148193e-02 -6.045368313789367676e-01 -5.182638764381408691e-01 -5.519836768507957458e-02 4.392957091331481934e-01 6.597352027893066406e-01
8.370578289031982422e-02 -6.114764213562011719e-01 -5.248507857322692871e-01 -5.161754414439201355e-02 4.411450028419494629e-01 6.630939841270446777e-01
8.888943493366241455e-02 -6.183406710624694824e-01 -5.316452383995056152e-01 -4.741590842604637146e-02 4.427558183670043945e-01 6.657565832138061523e-01
9.401031583547592163e-02 -6.251652836799621582e-01 -5.383920073509216309e-01 -4.324906691908836365e-02 4.443816840648651123e-01 6.684143543243408203e-01
9.919974952936172485e-02 -6.321118474006652832e-01 -5.450888276100158691e-01 -3.909147158265113831e-02 4.458890855312347412e-01 6.712033152580261230e-01
1.042775437235832214e-01 -6.385613679885864258e-01 -5.516138076782226562e-01 -3.492502495646476746e-02 4.473362565040588379e-01 6.734864115715026855e-01
1.085258275270462036e-01 -6.444953680038452148e-01 -5.575591325759887695e-01 -3.081103041768074036e-02 4.490333199501037598e-01 6.753063797950744629e-01
1.120372265577316284e-01 -6.499448418617248535e-01 -5.632830858230590820e-01 -2.685562148690223694e-02 4.512458443641662598e-01 6.768004894256591797e-01
1.153620705008506775e-01 -6.553593277931213379e-01 -5.685163140296936035e-01 -2.369229122996330261e-02 4.531542360782623291e-01 6.790516376495361328e-01
1.193178668618202209e-01 -6.607473492622375488e-01 -5.741003155708312988e-01 -2.087556198239326477e-02 4.547824561595916748e-01 6.816229224205017090e-01
1.233781129121780396e-01 -6.661532521247863770e-01 -5.797761082649230957e-01 -1.815373077988624573e-02 4.563980102539062500e-01 6.843069791793823242e-01
1.269568502902984619e-01 -6.717904210090637207e-01 -5.853309035301208496e-01 -1.555765047669410706e-02 4.583740532398223877e-01 6.873480677604675293e-01
1.305759400129318237e-01 -6.775966286659240723e-01 -5.907195210456848145e-01 -1.267043873667716980e-02 4.601435661315917969e-01 6.902670860290527344e-01
1.341236531734466553e-01 -6.834167838096618652e-01 -5.960801243782043457e-01 -9.768236428499221802e-03 4.619564712047576904e-01 6.931850314140319824e-01
1.376952528953552246e-01 -6.891381144523620605e-01 -6.013063788414001465e-01 -7.045749574899673462e-03 4.636111259460449219e-01 6.961838603019714355e-01
1.411864459514617920e-01 -6.945673823356628418e-01 -6.065607666969299316e-01 -4.435706883668899536e-03 4.653743207454681396e-01 6.990031003952026367e-01
1.446945816278457642e-01 -6.999793648719787598e-01 -6.118515729904174805e-01 -1.841392368078231812e-03 4.671570062637329102e-01 7.018207311630249023e-01
1.484320461750030518e-01 -7.054098844528198242e-01 -6.171646714210510254e-01 1.177575439214706421e-03 4.687326252460479736e-01 7.042323350906372070e-01
1.523154526948928833e-01 -7.109196782112121582e-01 -6.222373247146606445e-01 4.266079515218734741e-03 4.699218869209289551e-01 7.066535949707031250e-01
1.561041921377182007e-01 -7.163822650909423828e-01 -6.270676255226135254e-01 7.195275276899337769e-03 4.709634184837341309e-01 7.091869711875915527e-01
1.598167121410369873e-01 -7.217444181442260742e-01 -6.317723393440246582e-01 1.017912849783897400e-02 4.719556272029876709e-01 7.115653157234191895e-01
1.635093688964843750e-01 -7.270699143409729004e-01 -6.364538073539733887e-01 1.316652074456214905e-02 4.729444384574890137e-01 7.139033675193786621e-01
1.670985221862792969e-01 -7.322561144828796387e-01 -6.410521864891052246e-01 1.622029021382331848e-02 4.739536643028259277e-01 7.160358428955078125e-01
1.705978810787200928e-01 -7.375464439392089844e-01 -6.455842852592468262e-01 1.934389397501945496e-02 4.749864041805267334e-01 7.182025313377380371e-01
1.740988194942474365e-01 -7.428386807441711426e-01 -6.501166820526123047e-01 2.246880903840065002e-02 4.760178625583648682e-01 7.203698754310607910e-01
1.775998324155807495e-01 -7.481315732002258301e-01 -6.546493172645568848e-01 2.559367194771766663e-02 4.770494699478149414e-01 7.225378751754760742e-01
1.811066418886184692e-01 -7.534303665161132812e-01 -6.591815352439880371e-01 2.872721478343009949e-02 4.780749082565307617e-01 7.247031331062316895e-01
1.848673075437545776e-01 -7.584198117256164551e-01 -6.637105941772460938e-01 3.214814141392707825e-02 4.788432717323303223e-01 7.262716889381408691e-01
1.886453032493591309e-01 -7.633951306343078613e-01 -6.682748198509216309e-01 3.559030964970588684e-02 4.796295166015625000e-01 7.278048396110534668e-01
1.923040449619293213e-01 -7.679941058158874512e-01 -6.725702285766601562e-01 3.921271488070487976e-02 4.802661836147308350e-01 7.287814021110534668e-01
1.958912312984466553e-01 -7.724422216415405273e-01 -6.766886115074157715e-01 4.279966279864311218e-02 4.807973802089691162e-01 7.296425700187683105e-01
1.992969214916229248e-01 -7.765163183212280273e-01 -6.807482838630676270e-01 4.622560366988182068e-02 4.814513623714447021e-01 7.302907109260559082e-01
2.026853412389755249e-01 -7.805964350700378418e-01 -6.848105788230895996e-01 4.964007809758186340e-02 4.821252226829528809e-01 7.309563755989074707e-01
2.060144096612930298e-01 -7.846171259880065918e-01 -6.887683868408203125e-01 5.281491950154304504e-02 4.827539920806884766e-01 7.318022251129150391e-01
2.094427794218063354e-01 -7.887162566184997559e-01 -6.927384138107299805e-01 5.615704879164695740e-02 4.832956194877624512e-01 7.325592041015625000e-01
2.129121571779251099e-01 -7.928646802902221680e-01 -6.967180371284484863e-01 5.958044156432151794e-02 4.838058948516845703e-01 7.332842350006103516e-01
2.164200991392135620e-01 -7.970407605171203613e-01 -7.007000446319580078e-01 6.305083632469177246e-02 4.842799305915832520e-01 7.339899539947509766e-01
2.201853990554809570e-01 -8.013643622398376465e-01 -7.046299576759338379e-01 6.691111624240875244e-02 4.844445586204528809e-01 7.344532608985900879e-01
2.237814068794250488e-01 -8.058179020881652832e-01 -7.085861563682556152e-01 7.098098099231719971e-02 4.848047494888305664e-01 7.348369359970092773e-01
2.273718565702438354e-01 -8.104756474494934082e-01 -7.126104235649108887e-01 7.450702786445617676e-02 4.852385520935058594e-01 7.359685897827148438e-01
2.308980375528335571e-01 -8.150728344917297363e-01 -7.165949344635009766e-01 7.804714143276214600e-02 4.856969118118286133e-01 7.370256781578063965e-01
2.344248741865158081e-01 -8.196460604667663574e-01 -7.205614447593688965e-01 8.156798779964447021e-02 4.861365556716918945e-01 7.380780577659606934e-01
2.378617227077484131e-01 -8.241868615150451660e-01 -7.245402932167053223e-01 8.498395979404449463e-02 4.866785705089569092e-01 7.392029166221618652e-01
2.412990629673004150e-01 -8.287325501441955566e-01 -7.285364270210266113e-01 8.839045464992523193e-02 4.872373640537261963e-01 7.403420805931091309e-01
2.446005046367645264e-01 -8.331931233406066895e-01 -7.324833273887634277e-01 9.194187819957733154e-02 4.878828227519989014e-01 7.412512302398681641e-01
2.473276108503341675e-01 -8.371854424476623535e-01 -7.358241677284240723e-01 9.502895176410675049e-02 4.884965419769287109e-01 7.421565055847167969e-01
2.498153448104858398e-01 -8.409002423286437988e-01 -7.388839125633239746e-01 9.780314564704895020e-02 4.890685677528381348e-01 7.430970668792724609e-01
2.524249255657196045e-01 -8.444129824638366699e-01 -7.419806122779846191e-01 1.006376594305038452e-01 4.895556867122650146e-01 7.437753081321716309e-01
2.549912333488464355e-01 -8.479574322700500488e-01 -7.449706196784973145e-01 1.030222177505493164e-01 4.899793863296508789e-01 7.449352145195007324e-01
2.580087184906005859e-01 -8.520287871360778809e-01 -7.482475638389587402e-01 1.058412343263626099e-01 4.902388453483581543e-01 7.461875677108764648e-01
2.610345184803009033e-01 -8.558652997016906738e-01 -7.514923214912414551e-01 1.085146814584732056e-01 4.904578030109405518e-01 7.473506331443786621e-01
2.640832662582397461e-01 -8.595957756042480469e-01 -7.547420263290405273e-01 1.111638545989990234e-01 4.906587600708007812e-01 7.484319210052490234e-01
2.671403586864471436e-01 -8.633301854133605957e-01 -7.580310702323913574e-01 1.138107329607009888e-01 4.908907115459442139e-01 7.495194673538208008e-01
2.702817320823669434e-01 -8.669506311416625977e-01 -7.612201571464538574e-01 1.165121197700500488e-01 4.909384250640869141e-01 7.504385113716125488e-01
2.734833657741546631e-01 -8.704097867012023926e-01 -7.642824053764343262e-01 1.192488521337509155e-01 4.907990396022796631e-01 7.511609196662902832e-01
2.766813039779663086e-01 -8.738586306571960449e-01 -7.673373818397521973e-01 1.219661831855773926e-01 4.906560778617858887e-01 7.518924474716186523e-01
2.798762917518615723e-01 -8.773007988929748535e-01 -7.703849673271179199e-01 1.246743053197860718e-01 4.905086755752563477e-01 7.526264786720275879e-01
2.828121483325958252e-01 -8.806938529014587402e-01 -7.732329964637756348e-01 1.268097460269927979e-01 4.904208481311798096e-01 7.538840770721435547e-01
2.855377197265625000e-01 -8.839488029479980469e-01 -7.759235501289367676e-01 1.287001073360443115e-01 4.903858304023742676e-01 7.552486658096313477e-01
2.881729006767272949e-01 -8.872075676918029785e-01 -7.785376310348510742e-01 1.310628354549407959e-01 4.903647303581237793e-01 7.561447620391845703e-01
2.908837795257568359e-01 -8.907297253608703613e-01 -7.808948159217834473e-01 1.336302459239959717e-01 4.900110363960266113e-01 7.570995092391967773e-01
2.936318516731262207e-01 -8.938500285148620605e-01 -7.831264734268188477e-01 1.364305168390274048e-01 4.894946217536926270e-01 7.574195265769958496e-01
2.963381707668304443e-01 -8.966760039329528809e-01 -7.854416966438293457e-01 1.391597390174865723e-01 4.891035258769989014e-01 7.575162649154663086e-01
2.990919649600982666e-01 -8.991140723228454590e-01 -7.877207398414611816e-01 1.419592946767807007e-01 4.886287748813629150e-01 7.571547627449035645e-01
3.018409609794616699e-01 -9.014914631843566895e-01 -7.899875044822692871e-01 1.446251124143600464e-01 4.881465435028076172e-01 7.568663358688354492e-01
3.045885562896728516e-01 -9.038698077201843262e-01 -7.922547459602355957e-01 1.472785770893096924e-01 4.876661896705627441e-01 7.565912008285522461e-01
3.072133064270019531e-01 -9.062184691429138184e-01 -7.945581078529357910e-01 1.498564630746841431e-01 4.873448014259338379e-01 7.563620209693908691e-01
3.100020289421081543e-01 -9.087138772010803223e-01 -7.970765233039855957e-01 1.525700390338897705e-01 4.870744943618774414e-01 7.561438083648681641e-01
3.128648102283477783e-01 -9.112064242362976074e-01 -7.996519207954406738e-01 1.553654521703720093e-01 4.867871105670928955e-01 7.558409571647644043e-01
3.157020211219787598e-01 -9.136709570884704590e-01 -8.022146821022033691e-01 1.581604927778244019e-01 4.865126609802246094e-01 7.555104494094848633e-01
3.184742331504821777e-01 -9.160897135734558105e-01 -8.047521710395812988e-01 1.609433144330978394e-01 4.862779378890991211e-01 7.551463842391967773e-01
3.210911154747009277e-01 -9.184311032295227051e-01 -8.070890307426452637e-01 1.636832356452941895e-01 4.859979152679443359e-01 7.547478675842285156e-01
3.235646784305572510e-01 -9.207015633583068848e-01 -8.092008829116821289e-01 1.663782298564910889e-01 4.856362044811248779e-01 7.543233633041381836e-01
3.257547616958618164e-01 -9.229794144630432129e-01 -8.111593723297119141e-01 1.691157221794128418e-01 4.854046106338500977e-01 7.538636922836303711e-01
3.279908895492553711e-01 -9.252844452857971191e-01 -8.131549954414367676e-01 1.718762218952178955e-01 4.851641058921813965e-01 7.534081935882568359e-01
3.303012251853942871e-01 -9.276413321495056152e-01 -8.152340054512023926e-01 1.745806932449340820e-01 4.849327802658081055e-01 7.530606389045715332e-01
3.326112926006317139e-01 -9.299983382225036621e-01 -8.173128366470336914e-01 1.772849261760711670e-01 4.847015440464019775e-01 7.527134418487548828e-01
3.350147008895874023e-01 -9.324755072593688965e-01 -8.192774057388305664e-01 1.795659661293029785e-01 4.842627048492431641e-01 7.529095411300659180e-01
3.376984596252441406e-01 -9.351373314857482910e-01 -8.210933208465576172e-01 1.818627119064331055e-01 4.833948612213134766e-01 7.532746195793151855e-01
3.406810462474822998e-01 -9.378878474235534668e-01 -8.227514624595642090e-01 1.844791769981384277e-01 4.820704162120819092e-01 7.534086704254150391e-01
3.438210785388946533e-01 -9.406955838203430176e-01 -8.244476914405822754e-01 1.872108578681945801e-01 4.806266129016876221e-01 7.534847259521484375e-01
3.468447625637054443e-01 -9.435054659843444824e-01 -8.262036442756652832e-01 1.899509429931640625e-01 4.793588817119598389e-01 7.535545229911804199e-01
3.496856391429901123e-01 -9.463877677917480469e-01 -8.279290795326232910e-01 1.927845478057861328e-01 4.782434403896331787e-01 7.536032199859619141e-01
3.522266149520874023e-01 -9.492028355598449707e-01 -8.296824693679809570e-01 1.956313550472259521e-01 4.774558544158935547e-01 7.535715103149414062e-01
3.546144366264343262e-01 -9.519795775413513184e-01 -8.312990665435791016e-01 1.986661106348037720e-01 4.766846299171447754e-01 7.533134818077087402e-01
3.568578362464904785e-01 -9.547710418701171875e-01 -8.327925801277160645e-01 2.017935067415237427e-01 4.759347438812255859e-01 7.529775500297546387e-01
3.591417968273162842e-01 -9.575387239456176758e-01 -8.343241214752197266e-01 2.049038112163543701e-01 4.751823246479034424e-01 7.526348829269409180e-01
3.610971570014953613e-01 -9.599388241767883301e-01 -8.356780409812927246e-01 2.074567079544067383e-01 4.745808839797973633e-01 7.524821162223815918e-01
3.630713820457458496e-01 -9.623224139213562012e-01 -8.370204567909240723e-01 2.099559903144836426e-01 4.739490747451782227e-01 7.523664236068725586e-01
3.650386333465576172e-01 -9.646151661872863770e-01 -8.383204340934753418e-01 2.125650495290756226e-01 4.732818007469177246e-01 7.520501017570495605e-01
3.670704364776611328e-01 -9.668225646018981934e-01 -8.396711945533752441e-01 2.149653136730194092e-01 4.726007580757141113e-01 7.518572807312011719e-01
3.691178560256958008e-01 -9.689553380012512207e-01 -8.410540819168090820e-01 2.172559201717376709e-01 4.719362258911132812e-01 7.516994476318359375e-01
3.711422681808471680e-01 -9.710136055946350098e-01 -8.424289226531982422e-01 2.194876819849014282e-01 4.712866544723510742e-01 7.515259385108947754e-01
3.730604648590087891e-01 -9.730075001716613770e-01 -8.439124226570129395e-01 2.217554748058319092e-01 4.708519577980041504e-01 7.512520551681518555e-01
3.749673068523406982e-01 -9.750457406044006348e-01 -8.454846739768981934e-01 2.240805476903915405e-01 4.705173671245574951e-01 7.509651780128479004e-01
3.768737912178039551e-01 -9.770714640617370605e-01 -8.469443917274475098e-01 2.264705300331115723e-01 4.700706005096435547e-01 7.506009340286254883e-01
3.789904713630676270e-01 -9.789777398109436035e-01 -8.481430411338806152e-01 2.292401343584060669e-01 4.691525697708129883e-01 7.497376203536987305e-01
3.811095952987670898e-01 -9.808998703956604004e-01 -8.493407368659973145e-01 2.320191562175750732e-01 4.682311415672302246e-01 7.488807439804077148e-01
3.832161724567413330e-01 -9.828153252601623535e-01 -8.505230545997619629e-01 2.347874045372009277e-01 4.673068821430206299e-01 7.480279207229614258e-01
3.854471445083618164e-01 -9.846456646919250488e-01 -8.516688942909240723e-01 2.375318706035614014e-01 4.662217497825622559e-01 7.471138238906860352e-01
3.877382576465606689e-01 -9.864299893379211426e-01 -8.527931571006774902e-01 2.402472048997879028e-01 4.650548994541168213e-01 7.461827993392944336e-01
3.900390565395355225e-01 -9.880893826484680176e-01 -8.538765311241149902e-01 2.429603487253189087e-01 4.638374745845794678e-01 7.451290488243103027e-01
3.923468291759490967e-01 -9.895853400230407715e-01 -8.548668026924133301e-01 2.457638084888458252e-01 4.625199735164642334e-01 7.438215017318725586e-01
3.946546316146850586e-01 -9.910814166069030762e-01 -8.558573126792907715e-01 2.485675811767578125e-01 4.612026810646057129e-01 7.425138354301452637e-01
3.969989717006683350e-01 -9.925526976585388184e-01 -8.568611145019531250e-01 2.513578236103057861e-01 4.598621428012847900e-01 7.411948442459106445e-01
3.993566036224365234e-01 -9.940140843391418457e-01 -8.578720688819885254e-01 2.541441321372985840e-01 4.585154652595520020e-01 7.398699522018432617e-01
4.018574357032775879e-01 -9.954542517662048340e-01 -8.587862849235534668e-01 2.568859457969665527e-01 4.569288492202758789e-01 7.385683059692382812e-01
4.045700430870056152e-01 -9.969597458839416504e-01 -8.596119880676269531e-01 2.595535814762115479e-01 4.550419449806213379e-01 7.374061346054077148e-01
4.073183238506317139e-01 -9.985106587409973145e-01 -8.603373169898986816e-01 2.622232437133789062e-01 4.530189931392669678e-01 7.362874150276184082e-01
4.094434380531311035e-01 -9.998298287391662598e-01 -8.607249259948730469e-01 2.647162377834320068e-01 4.512814879417419434e-01 7.351136207580566406e-01
4.115686714649200439e-01 -1.001149058341979980e+00 -8.611126542091369629e-01 2.672092318534851074e-01 4.495439827442169189e-01 7.339398264884948730e-01
4.140429794788360596e-01 -1.002367973327636719e+00 -8.612832427024841309e-01 2.698453366756439209e-01 4.472402632236480713e-01 7.325226068496704102e-01
4.166112840175628662e-01 -1.003571271896362305e+00 -8.614302277565002441e-01 2.724964916706085205e-01 4.448189437389373779e-01 7.310748100280761719e-01
4.191830754280090332e-01 -1.004820466041564941e+00 -8.616549968719482422e-01 2.750640809535980225e-01 4.424719214439392090e-01 7.297563552856445312e-01
4.216740727424621582e-01 -1.006201148033142090e+00 -8.616842627525329590e-01 2.777183949947357178e-01 4.400101900100708008e-01 7.284827232360839844e-01
4.240886569023132324e-01 -1.007525444030761719e+00 -8.616911768913269043e-01 2.803168594837188721e-01 4.376025199890136719e-01 7.272086143493652344e-01
4.264442324638366699e-01 -1.008760333061218262e+00 -8.617072701454162598e-01 2.828418910503387451e-01 4.352630376815795898e-01 7.259184122085571289e-01
4.288908243179321289e-01 -1.010001301765441895e+00 -8.616940379142761230e-01 2.854302227497100830e-01 4.328032135963439941e-01 7.245711088180541992e-01
4.313373565673828125e-01 -1.011242389678955078e+00 -8.616805076599121094e-01 2.880188524723052979e-01 4.303431510925292969e-01 7.232235670089721680e-01
4.337838590145111084e-01 -1.012483716011047363e+00 -8.616669774055480957e-01 2.906072437763214111e-01 4.278831183910369873e-01 7.218765020370483398e-01
4.361520409584045410e-01 -1.013690590858459473e+00 -8.616428971290588379e-01 2.932038009166717529e-01 4.254908561706542969e-01 7.204867601394653320e-01
4.383084475994110107e-01 -1.014831423759460449e+00 -8.615058064460754395e-01 2.959023416042327881e-01 4.231973588466644287e-01 7.189290523529052734e-01
4.404702186584472656e-01 -1.015972971916198730e+00 -8.613709211349487305e-01 2.986061275005340576e-01 4.209007024765014648e-01 7.173668146133422852e-01
4.426319897174835205e-01 -1.017114758491516113e+00 -8.612361550331115723e-01 3.013099431991577148e-01 4.186041653156280518e-01 7.158048152923583984e-01
4.449600875377655029e-01 -1.018247723579406738e+00 -8.611745238304138184e-01 3.040761053562164307e-01 4.162144362926483154e-01 7.141716480255126953e-01
4.472357034683227539e-01 -1.019493460655212402e+00 -8.610692620277404785e-01 3.069454729557037354e-01 4.138335585594177246e-01 7.125480175018310547e-01
4.494084715843200684e-01 -1.020734190940856934e+00 -8.608465790748596191e-01 3.099205791950225830e-01 4.114381074905395508e-01 7.108136415481567383e-01
4.514065980911254883e-01 -1.021562933921813965e+00 -8.603233695030212402e-01 3.131020367145538330e-01 4.089167714118957520e-01 7.084609270095825195e-01
4.533685147762298584e-01 -1.022341370582580566e+00 -8.596723675727844238e-01 3.164337575435638428e-01 4.063038527965545654e-01 7.059075832366943359e-01
4.553299844264984131e-01 -1.023119807243347168e+00 -8.590213060379028320e-01 3.197652101516723633e-01 4.036913216114044189e-01 7.033545970916748047e-01
4.572482109069824219e-01 -1.023764967918395996e+00 -8.584153056144714355e-01 3.228617012500762939e-01 4.011670947074890137e-01 7.009032964706420898e-01
4.591280221939086914e-01 -1.024281859397888184e+00 -8.579127788543701172e-01 3.258248269557952881e-01 3.987847566604614258e-01 6.984570026397705078e-01
4.610041677951812744e-01 -1.024742484092712402e+00 -8.574539422988891602e-01 3.287653923034667969e-01 3.964497745037078857e-01 6.959770917892456055e-01
4.627951979637145996e-01 -1.025245308876037598e+00 -8.568755984306335449e-01 3.316688537597656250e-01 3.940804004669189453e-01 6.935764551162719727e-01
4.643875658512115479e-01 -1.025624155998229980e+00 -8.564643263816833496e-01 3.342520296573638916e-01 3.920767605304718018e-01 6.913721561431884766e-01
4.659485816955566406e-01 -1.025980591773986816e+00 -8.559926748275756836e-01 3.368506431579589844e-01 3.900440931320190430e-01 6.891299486160278320e-01
4.674087166786193848e-01 -1.026435732841491699e+00 -8.550686240196228027e-01 3.395657241344451904e-01 3.876599073410034180e-01 6.868699789047241211e-01
4.688025712966918945e-01 -1.026927232742309570e+00 -8.541284799575805664e-01 3.422296643257141113e-01 3.853259086608886719e-01 6.846975684165954590e-01
4.701585769653320312e-01 -1.027507901191711426e+00 -8.531823754310607910e-01 3.449465036392211914e-01 3.830237984657287598e-01 6.825613975524902344e-01
4.714324772357940674e-01 -1.027971386909484863e+00 -8.522954583168029785e-01 3.473072648048400879e-01 3.808629810810089111e-01 6.806641221046447754e-01
4.726807177066802979e-01 -1.028412699699401855e+00 -8.514064550399780273e-01 3.495599031448364258e-01 3.787257373332977295e-01 6.788527965545654297e-01
4.739501476287841797e-01 -1.028893351554870605e+00 -8.504192233085632324e-01 3.518884479999542236e-01 3.764690756797790527e-01 6.770049333572387695e-01
4.751551747322082520e-01 -1.029320478439331055e+00 -8.492844700813293457e-01 3.542850911617279053e-01 3.741292953491210938e-01 6.750353574752807617e-01
4.763863384723663330e-01 -1.029787659645080566e+00 -8.481328487396240234e-01 3.566631376743316650e-01 3.717465102672576904e-01 6.731245517730712891e-01
4.776121675968170166e-01 -1.030076026916503906e+00 -8.471047282218933105e-01 3.588010966777801514e-01 3.694925606250762939e-01 6.712749004364013672e-01
4.788267910480499268e-01 -1.030293583869934082e+00 -8.461175560951232910e-01 3.608650863170623779e-01 3.672907650470733643e-01 6.694284677505493164e-01
4.800409078598022461e-01 -1.030510783195495605e+00 -8.451301455497741699e-01 3.629285693168640137e-01 3.650892376899719238e-01 6.675822138786315918e-01
4.812551736831665039e-01 -1.030727863311767578e+00 -8.441430926322937012e-01 3.649920523166656494e-01 3.628879189491271973e-01 6.657358407974243164e-01
4.824699759483337402e-01 -1.030945301055908203e+00 -8.431558609008789062e-01 3.670563101768493652e-01 3.606858849525451660e-01 6.638889908790588379e-01
4.836840629577636719e-01 -1.031162500381469727e+00 -8.421686291694641113e-01 3.691197633743286133e-01 3.584845662117004395e-01 6.620427370071411133e-01
4.848811626434326172e-01 -1.031323552131652832e+00 -8.411638140678405762e-01 3.711859285831451416e-01 3.562826514244079590e-01 6.601376533508300781e-01
4.859192371368408203e-01 -1.031041502952575684e+00 -8.398339748382568359e-01 3.732308447360992432e-01 3.539147377014160156e-01 6.578106880187988281e-01
4.872716963291168213e-01 -1.030609846115112305e+00 -8.383839726448059082e-01 3.756409883499145508e-01 3.511122763156890869e-01 6.549688577651977539e-01
4.888214766979217529e-01 -1.030154466629028320e+00 -8.365961313247680664e-01 3.781797587871551514e-01 3.477746546268463135e-01 6.519746780395507812e-01
4.903805553913116455e-01 -1.029571771621704102e+00 -8.346260190010070801e-01 3.806753754615783691e-01 3.442454636096954346e-01 6.488963961601257324e-01
4.919292330741882324e-01 -1.028969049453735352e+00 -8.326806426048278809e-01 3.831492960453033447e-01 3.407514095306396484e-01 6.458197832107543945e-01
4.934782981872558594e-01 -1.028366208076477051e+00 -8.307350873947143555e-01 3.856237530708312988e-01 3.372567892074584961e-01 6.427424550056457520e-01
4.950426220893859863e-01 -1.027744889259338379e+00 -8.287988901138305664e-01 3.881042897701263428e-01 3.337562680244445801e-01 6.396405696868896484e-01
4.966579675674438477e-01 -1.027055621147155762e+00 -8.268911242485046387e-01 3.905906379222869873e-01 3.302331566810607910e-01 6.364649534225463867e-01
4.982585906982421875e-01 -1.026440262794494629e+00 -8.249930739402770996e-01 3.931139409542083740e-01 3.267344832420349121e-01 6.333262920379638672e-01
4.998193383216857910e-01 -1.026025891304016113e+00 -8.231216073036193848e-01 3.957380950450897217e-01 3.233022689819335938e-01 6.302877664566040039e-01
5.013803839683532715e-01 -1.025661110877990723e+00 -8.212659358978271484e-01 3.983478248119354248e-01 3.198855519294738770e-01 6.273132562637329102e-01
5.030505061149597168e-01 -1.025319576263427734e+00 -8.195395469665527344e-01 4.009658396244049072e-01 3.164890408515930176e-01 6.243537664413452148e-01
5.048710107803344727e-01 -1.024908423423767090e+00 -8.180163502693176270e-01 4.036858677864074707e-01 3.131453394889831543e-01 6.212225556373596191e-01
5.068051815032958984e-01 -1.024749875068664551e+00 -8.163380622863769531e-01 4.065166413784027100e-01 3.095328807830810547e-01 6.182332038879394531e-01
5.084257721900939941e-01 -1.024444460868835449e+00 -8.145856261253356934e-01 4.089856147766113281e-01 3.061598539352416992e-01 6.154588460922241211e-01
5.099841952323913574e-01 -1.024145960807800293e+00 -8.127702474594116211e-01 4.113309383392333984e-01 3.027860522270202637e-01 6.128150224685668945e-01
5.114755630493164062e-01 -1.023906946182250977e+00 -8.110323548316955566e-01 4.136694967746734619e-01 2.995567917823791504e-01 6.102374792098999023e-01
5.128403902053833008e-01 -1.023840785026550293e+00 -8.091089129447937012e-01 4.161132574081420898e-01 2.962685227394104004e-01 6.077275276184082031e-01
5.139424800872802734e-01 -1.023553490638732910e+00 -8.069329857826232910e-01 4.183791577816009521e-01 2.929905056953430176e-01 6.051743030548095703e-01
5.148949623107910156e-01 -1.023287415504455566e+00 -8.049208521842956543e-01 4.204802215099334717e-01 2.900258898735046387e-01 6.028071641921997070e-01
5.158743858337402344e-01 -1.022966742515563965e+00 -8.029215931892395020e-01 4.225709140300750732e-01 2.870472073554992676e-01 6.003957986831665039e-01
5.169509053230285645e-01 -1.022444367408752441e+00 -8.009679913520812988e-01 4.246158301830291748e-01 2.840170860290527344e-01 5.978285074234008789e-01
5.180000662803649902e-01 -1.021899104118347168e+00 -7.989890575408935547e-01 4.265937209129333496e-01 2.809889912605285645e-01 5.953053832054138184e-01
5.187867283821105957e-01 -1.021128535270690918e+00 -7.967329621315002441e-01 4.285713732242584229e-01 2.779462337493896484e-01 5.925571918487548828e-01
5.195930004119873047e-01 -1.020243525505065918e+00 -7.942240834236145020e-01 4.306831061840057373e-01 2.746310830116271973e-01 5.895603895187377930e-01
5.203211903572082520e-01 -1.019335627555847168e+00 -7.915554642677307129e-01 4.328567683696746826e-01 2.712342739105224609e-01 5.864788293838500977e-01
5.209534168243408203e-01 -1.018388032913208008e+00 -7.888172268867492676e-01 4.350199401378631592e-01 2.678638100624084473e-01 5.833680629730224609e-01
5.215764045715332031e-01 -1.017415761947631836e+00 -7.859600782394409180e-01 4.372646510601043701e-01 2.643836736679077148e-01 5.801510810852050781e-01
5.221737623214721680e-01 -1.016353368759155273e+00 -7.826073765754699707e-01 4.398652017116546631e-01 2.604336142539978027e-01 5.764881372451782227e-01
5.229761600494384766e-01 -1.015133500099182129e+00 -7.790504693984985352e-01 4.423765242099761963e-01 2.560743093490600586e-01 5.727570056915283203e-01
5.237743854522705078e-01 -1.013906717300415039e+00 -7.754883766174316406e-01 4.448821842670440674e-01 2.517139911651611328e-01 5.690245628356933594e-01
5.245628356933593750e-01 -1.012695789337158203e+00 -7.720580101013183594e-01 4.473151266574859619e-01 2.474951744079589844e-01 5.653806924819946289e-01
5.251300930976867676e-01 -1.011570215225219727e+00 -7.684580087661743164e-01 4.498279690742492676e-01 2.433279156684875488e-01 5.617422461509704590e-01
5.254760980606079102e-01 -1.010460019111633301e+00 -7.647263407707214355e-01 4.525203108787536621e-01 2.392502427101135254e-01 5.579397082328796387e-01
5.263330936431884766e-01 -1.009038805961608887e+00 -7.614728808403015137e-01 4.551046788692474365e-01 2.351397871971130371e-01 5.539340972900390625e-01
5.274593234062194824e-01 -1.007423996925354004e+00 -7.584599852561950684e-01 4.577135145664215088e-01 2.310006618499755859e-01 5.497105121612548828e-01
5.288628339767456055e-01 -1.005941271781921387e+00 -7.551520466804504395e-01 4.602134525775909424e-01 2.262892127037048340e-01 5.457278490066528320e-01
