1.000926256179809570e+00 5.669072270393371582e-04 -2.532843649387359619e-01 2.500707209110260010e-01 -7.476419210433959961e-01 -2.506376206874847412e-01
1.000758171081542969e+00 5.940720438957214355e-04 -2.535220086574554443e-01 2.498763203620910645e-01 -7.472361326217651367e-01 -2.504703998565673828e-01
1.000652074813842773e+00 6.115660071372985840e-04 -2.536481320858001709e-01 2.494769692420959473e-01 -7.470039129257202148e-01 -2.500885426998138428e-01
1.000504732131958008e+00 6.434246897697448730e-04 -2.538172602653503418e-01 2.488360404968261719e-01 -7.466874718666076660e-01 -2.494794726371765137e-01
1.000286102294921875e+00 6.823018193244934082e-04 -2.540353536605834961e-01 2.480847984552383423e-01 -7.462507486343383789e-01 -2.487671077251434326e-01
1.000098824501037598e+00 7.084533572196960449e-04 -2.542667090892791748e-01 2.473756968975067139e-01 -7.458320856094360352e-01 -2.480841577053070068e-01
9.999064803123474121e-01 7.444396615028381348e-04 -2.544618844985961914e-01 2.466401904821395874e-01 -7.454445958137512207e-01 -2.473846375942230225e-01
9.997159838676452637e-01 7.849708199501037598e-04 -2.546404898166656494e-01 2.459194362163543701e-01 -7.450754642486572266e-01 -2.467043995857238770e-01
9.995293021202087402e-01 8.204653859138488770e-04 -2.548615038394927979e-01 2.452143728733062744e-01 -7.446677684783935547e-01 -2.460348308086395264e-01
9.993347525596618652e-01 8.544549345970153809e-04 -2.551049590110778809e-01 2.445151060819625854e-01 -7.442297935485839844e-01 -2.453695535659790039e-01
9.991402029991149902e-01 8.884891867637634277e-04 -2.553483545780181885e-01 2.438158541917800903e-01 -7.437918186187744141e-01 -2.447043359279632568e-01
9.988670945167541504e-01 9.346231818199157715e-04 -2.555964887142181396e-01 2.431054562330245972e-01 -7.432706356048583984e-01 -2.440400719642639160e-01
9.983884692192077637e-01 9.946748614311218262e-04 -2.560795545578002930e-01 2.423799335956573486e-01 -7.423089146614074707e-01 -2.433746159076690674e-01
9.974849820137023926e-01 1.079298555850982666e-03 -2.569454312324523926e-01 2.410332411527633667e-01 -7.405395507812500000e-01 -2.421125471591949463e-01
9.964622855186462402e-01 1.174859702587127686e-03 -2.579753696918487549e-01 2.395768761634826660e-01 -7.384868860244750977e-01 -2.407517433166503906e-01
9.954345822334289551e-01 1.273058354854583740e-03 -2.590103447437286377e-01 2.381108999252319336e-01 -7.364242076873779297e-01 -2.393839657306671143e-01
9.944193959236145020e-01 1.350454986095428467e-03 -2.600160241127014160e-01 2.366221994161605835e-01 -7.344033718109130859e-01 -2.379726469516754150e-01
9.934335350990295410e-01 1.388899981975555420e-03 -2.609816789627075195e-01 2.350684255361557007e-01 -7.324518561363220215e-01 -2.364573180675506592e-01
9.924514889717102051e-01 1.429535448551177979e-03 -2.619630098342895508e-01 2.334984242916107178e-01 -7.304884791374206543e-01 -2.349279522895812988e-01
9.914557933807373047e-01 1.466982066631317139e-03 -2.629932165145874023e-01 2.319106608629226685e-01 -7.284625768661499023e-01 -2.333776354789733887e-01
9.904276728630065918e-01 1.488216221332550049e-03 -2.641040682792663574e-01 2.301850616931915283e-01 -7.263236045837402344e-01 -2.316732704639434814e-01
9.893996119499206543e-01 1.503996551036834717e-03 -2.651743590831756592e-01 2.284404933452606201e-01 -7.242252826690673828e-01 -2.299444973468780518e-01
9.881040453910827637e-01 1.566998660564422607e-03 -2.663642764091491699e-01 2.263102531433105469e-01 -7.217397689819335938e-01 -2.278772592544555664e-01
9.868006110191345215e-01 1.533575356006622314e-03 -2.676723003387451172e-01 2.238329648971557617e-01 -7.191283106803894043e-01 -2.253665328025817871e-01
9.854697585105895996e-01 1.522518694400787354e-03 -2.690326571464538574e-01 2.213011980056762695e-01 -7.164371013641357422e-01 -2.228237092494964600e-01
9.841043353080749512e-01 1.538865268230438232e-03 -2.704451084136962891e-01 2.187730073928833008e-01 -7.136592268943786621e-01 -2.203118801116943359e-01
9.826670289039611816e-01 1.544050872325897217e-03 -2.717917561531066895e-01 2.161717116832733154e-01 -7.108752727508544922e-01 -2.177157700061798096e-01
9.810667037963867188e-01 1.557894051074981689e-03 -2.734466791152954102e-01 2.136236280202865601e-01 -7.076200246810913086e-01 -2.151815295219421387e-01
9.794058203697204590e-01 1.582197844982147217e-03 -2.750054597854614258e-01 2.110692858695983887e-01 -7.044003605842590332e-01 -2.126514911651611328e-01
9.776023626327514648e-01 1.735128462314605713e-03 -2.766861319541931152e-01 2.079701423645019531e-01 -7.009162306785583496e-01 -2.097052633762359619e-01
9.758065938949584961e-01 1.927830278873443604e-03 -2.786068022251129150e-01 2.043823450803756714e-01 -6.971998214721679688e-01 -2.063101828098297119e-01
9.740684628486633301e-01 2.108894288539886475e-03 -2.804104387760162354e-01 2.007698565721511841e-01 -6.936579942703247070e-01 -2.028787434101104736e-01
9.722910523414611816e-01 2.286873757839202881e-03 -2.821364998817443848e-01 1.975709050893783569e-01 -6.901545524597167969e-01 -1.998577713966369629e-01
9.703367352485656738e-01 2.491347491741180420e-03 -2.842250466346740723e-01 1.947297155857086182e-01 -6.861116886138916016e-01 -1.972210705280303955e-01
9.683895707130432129e-01 2.721242606639862061e-03 -2.861473262310028076e-01 1.918302774429321289e-01 -6.822422742843627930e-01 -1.945515275001525879e-01
9.662290215492248535e-01 2.918399870395660400e-03 -2.881553173065185547e-01 1.884259432554244995e-01 -6.780737042427062988e-01 -1.913443505764007568e-01
9.640989303588867188e-01 3.100432455539703369e-03 -2.900505959987640381e-01 1.848344057798385620e-01 -6.740483045578002930e-01 -1.879348456859588623e-01
9.619070887565612793e-01 3.256462514400482178e-03 -2.920465469360351562e-01 1.810590624809265137e-01 -6.698605418205261230e-01 -1.843155324459075928e-01
9.597311019897460938e-01 3.428898751735687256e-03 -2.944766283035278320e-01 1.770036816596984863e-01 -6.652544736862182617e-01 -1.804325878620147705e-01
9.573211073875427246e-01 3.528796136379241943e-03 -2.972330749034881592e-01 1.727605313062667847e-01 -6.600880622863769531e-01 -1.762893199920654297e-01
9.554077982902526855e-01 3.646783530712127686e-03 -3.003506958484649658e-01 1.678473651409149170e-01 -6.550570726394653320e-01 -1.714941561222076416e-01
9.533919692039489746e-01 3.817163407802581787e-03 -3.036924302577972412e-01 1.625806242227554321e-01 -6.496995687484741211e-01 -1.663977801799774170e-01
9.512959122657775879e-01 4.053466022014617920e-03 -3.071081638336181641e-01 1.573055833578109741e-01 -6.441877484321594238e-01 -1.613590419292449951e-01
9.491212964057922363e-01 4.127494990825653076e-03 -3.103044629096984863e-01 1.523323208093643188e-01 -6.388168334960937500e-01 -1.564598083496093750e-01
9.467657208442687988e-01 4.187695682048797607e-03 -3.134866952896118164e-01 1.472736001014709473e-01 -6.332790255546569824e-01 -1.514613032341003418e-01
9.440698027610778809e-01 4.490263760089874268e-03 -3.175051808357238770e-01 1.415315121412277222e-01 -6.265646219253540039e-01 -1.460217833518981934e-01
9.413490891456604004e-01 4.743702709674835205e-03 -3.211235702037811279e-01 1.356937885284423828e-01 -6.202255487442016602e-01 -1.404374837875366211e-01
9.386513233184814453e-01 4.766769707202911377e-03 -3.246246278285980225e-01 1.296556740999221802e-01 -6.140266656875610352e-01 -1.344224512577056885e-01
9.358578920364379883e-01 4.692099988460540771e-03 -3.284332752227783203e-01 1.237754970788955688e-01 -6.074246168136596680e-01 -1.284675896167755127e-01
9.330940842628479004e-01 4.632867872714996338e-03 -3.321507871150970459e-01 1.182031780481338501e-01 -6.009433269500732422e-01 -1.228360459208488464e-01
9.299889206886291504e-01 4.720024764537811279e-03 -3.369270861148834229e-01 1.117185950279235840e-01 -5.930618047714233398e-01 -1.164386197924613953e-01
9.270469546318054199e-01 4.950501024723052979e-03 -3.417026698589324951e-01 1.056437194347381592e-01 -5.853443145751953125e-01 -1.105942204594612122e-01
9.239163994789123535e-01 5.157761275768280029e-03 -3.482344448566436768e-01 9.651499986648559570e-02 -5.756819248199462891e-01 -1.016727611422538757e-01
9.210799932479858398e-01 5.462400615215301514e-03 -3.548099994659423828e-01 8.757583796977996826e-02 -5.662699937820434570e-01 -9.303823858499526978e-02
9.176151156425476074e-01 5.944840610027313232e-03 -3.616918027400970459e-01 7.888951152563095093e-02 -5.559233427047729492e-01 -8.483435213565826416e-02
9.139034152030944824e-01 6.395421922206878662e-03 -3.685550689697265625e-01 7.034051418304443359e-02 -5.453483462333679199e-01 -7.673593610525131226e-02
9.092060923576354980e-01 6.773672997951507568e-03 -3.771885037422180176e-01 5.931903049349784851e-02 -5.320175886154174805e-01 -6.609269976615905762e-02
9.053864479064941406e-01 6.461463868618011475e-03 -3.872094452381134033e-01 4.897980019450187683e-02 -5.181770324707031250e-01 -5.544126406311988831e-02
9.023012518882751465e-01 5.639396607875823975e-03 -3.997163176536560059e-01 3.523979336023330688e-02 -5.025849342346191406e-01 -4.087918996810913086e-02
8.983127474784851074e-01 7.002227008342742920e-03 -4.142768681049346924e-01 2.053501084446907043e-02 -4.840358793735504150e-01 -2.753723785281181335e-02
8.985083699226379395e-01 5.947314202785491943e-03 -4.377498030662536621e-01 3.464423120021820068e-03 -4.607585668563842773e-01 -9.411737322807312012e-03
8.961274027824401855e-01 7.984824478626251221e-03 -4.366565942764282227e-01 2.152970060706138611e-02 -4.594708085060119629e-01 -2.951452508568763733e-02
8.898814916610717773e-01 6.307221949100494385e-03 -4.204663634300231934e-01 4.363428056240081787e-02 -4.694151282310485840e-01 -4.994150251150131226e-02
8.857992291450500488e-01 6.336741149425506592e-03 -4.043248295783996582e-01 5.797000229358673096e-02 -4.814743995666503906e-01 -6.430674344301223755e-02
8.818520307540893555e-01 7.413797080516815186e-03 -3.918367326259613037e-01 6.900778412818908691e-02 -4.900152981281280518e-01 -7.642158120870590210e-02
8.781667351722717285e-01 7.800869643688201904e-03 -3.802357912063598633e-01 8.048292994499206543e-02 -4.979309439659118652e-01 -8.828379958868026733e-02
8.747254014015197754e-01 8.152909576892852783e-03 -3.705476820468902588e-01 9.019139409065246582e-02 -5.041776895523071289e-01 -9.834430366754531860e-02
8.704176545143127441e-01 8.164696395397186279e-03 -3.609995841979980469e-01 9.947770833969116211e-02 -5.094180703163146973e-01 -1.076424047350883484e-01
8.661401867866516113e-01 8.045248687267303467e-03 -3.497321009635925293e-01 1.087482124567031860e-01 -5.164080858230590820e-01 -1.167934611439704895e-01
8.617812991142272949e-01 8.343003690242767334e-03 -3.391716182231903076e-01 1.171072721481323242e-01 -5.226097106933593750e-01 -1.254502832889556885e-01
8.575230836868286133e-01 8.733160793781280518e-03 -3.293393254280090332e-01 1.247760355472564697e-01 -5.281837582588195801e-01 -1.335091888904571533e-01
8.526484966278076172e-01 9.287156164646148682e-03 -3.206773102283477783e-01 1.311869323253631592e-01 -5.319712162017822266e-01 -1.404740810394287109e-01
8.476020097732543945e-01 9.483255445957183838e-03 -3.126761615276336670e-01 1.373740434646606445e-01 -5.349258184432983398e-01 -1.468572914600372314e-01
8.425542712211608887e-01 9.596206247806549072e-03 -3.044492602348327637e-01 1.436096727848052979e-01 -5.381050109863281250e-01 -1.532058715820312500e-01
8.377049565315246582e-01 9.886048734188079834e-03 -2.967825531959533691e-01 1.502846032381057739e-01 -5.409224033355712891e-01 -1.601706445217132568e-01
8.330324292182922363e-01 9.933970868587493896e-03 -2.889974415302276611e-01 1.569204032421112061e-01 -5.440349578857421875e-01 -1.668543815612792969e-01
8.288959264755249023e-01 1.000834256410598755e-02 -2.810544371604919434e-01 1.618414819240570068e-01 -5.478414893150329590e-01 -1.718498170375823975e-01
8.250051736831665039e-01 1.017553359270095825e-02 -2.735728025436401367e-01 1.656200587749481201e-01 -5.514323711395263672e-01 -1.757955849170684814e-01
8.206001520156860352e-01 1.033888012170791626e-02 -2.655328810214996338e-01 1.697296947240829468e-01 -5.550673007965087891e-01 -1.800685822963714600e-01
8.159157633781433105e-01 1.052177697420120239e-02 -2.572094202041625977e-01 1.739087700843811035e-01 -5.587063431739807129e-01 -1.844305396080017090e-01
8.108462691307067871e-01 1.082970947027206421e-02 -2.489832639694213867e-01 1.781540364027023315e-01 -5.618630051612854004e-01 -1.889837384223937988e-01
8.058696389198303223e-01 1.129145175218582153e-02 -2.417439520359039307e-01 1.821155399084091187e-01 -5.641256570816040039e-01 -1.934069991111755371e-01
8.007827997207641602e-01 1.185869425535202026e-02 -2.348664999008178711e-01 1.858027577400207520e-01 -5.659162998199462891e-01 -1.976614594459533691e-01
7.958193421363830566e-01 1.231584697961807251e-02 -2.282300591468811035e-01 1.893324851989746094e-01 -5.675892829895019531e-01 -2.016483247280120850e-01
7.908303141593933105e-01 1.265873759984970093e-02 -2.217628359794616699e-01 1.928913593292236328e-01 -5.690674781799316406e-01 -2.055501043796539307e-01
7.857223153114318848e-01 1.295115798711776733e-02 -2.148979157209396362e-01 1.958207041025161743e-01 -5.708243846893310547e-01 -2.087718546390533447e-01
7.804164290428161621e-01 1.303278654813766479e-02 -2.072363197803497314e-01 1.982780992984771729e-01 -5.731800794601440430e-01 -2.113108932971954346e-01
7.747985124588012695e-01 1.328562945127487183e-02 -2.004835456609725952e-01 2.011351883411407471e-01 -5.743149518966674805e-01 -2.144208252429962158e-01
7.685369849205017090e-01 1.351010054349899292e-02 -1.936170458793640137e-01 2.040724754333496094e-01 -5.749199390411376953e-01 -2.175825834274291992e-01
7.624847888946533203e-01 1.381906121969223022e-02 -1.870032101869583130e-01 2.066983878612518311e-01 -5.754815936088562012e-01 -2.205174565315246582e-01
7.563333511352539062e-01 1.413448899984359741e-02 -1.806128919124603271e-01 2.094013243913650513e-01 -5.757204294204711914e-01 -2.235358059406280518e-01
7.499244809150695801e-01 1.421495527029037476e-02 -1.744924336671829224e-01 2.121753245592117310e-01 -5.754320621490478516e-01 -2.263902723789215088e-01
7.440047860145568848e-01 1.427795737981796265e-02 -1.686670035123825073e-01 2.142127156257629395e-01 -5.753377676010131836e-01 -2.284906804561614990e-01
7.381952404975891113e-01 1.425247639417648315e-02 -1.630229353904724121e-01 2.160211652517318726e-01 -5.751723051071166992e-01 -2.302736341953277588e-01
7.320775985717773438e-01 1.429744809865951538e-02 -1.571971476078033447e-01 2.178471684455871582e-01 -5.748804807662963867e-01 -2.321446239948272705e-01
7.259560227394104004e-01 1.440524309873580933e-02 -1.513220667839050293e-01 2.197671532630920410e-01 -5.746339559555053711e-01 -2.341724038124084473e-01
7.199076414108276367e-01 1.453431695699691772e-02 -1.454106867313385010e-01 2.215064913034439087e-01 -5.744969844818115234e-01 -2.360408008098602295e-01
7.129481434822082520e-01 1.462187618017196655e-02 -1.392971575260162354e-01 2.236567884683609009e-01 -5.736509561538696289e-01 -2.382786571979522705e-01
7.058691978454589844e-01 1.490312069654464722e-02 -1.330510973930358887e-01 2.259520590305328369e-01 -5.728181004524230957e-01 -2.408551871776580811e-01
6.987808346748352051e-01 1.514860242605209351e-02 -1.266688704490661621e-01 2.276668548583984375e-01 -5.721119642257690430e-01 -2.428154647350311279e-01
6.913880705833435059e-01 1.552433520555496216e-02 -1.203575506806373596e-01 2.291681468486785889e-01 -5.710304975509643555e-01 -2.446924746036529541e-01
6.837369799613952637e-01 1.610446721315383911e-02 -1.136498451232910156e-01 2.304133027791976929e-01 -5.700871348381042480e-01 -2.465177774429321289e-01
6.759853959083557129e-01 1.664183288812637329e-02 -1.076264008879661560e-01 2.311511337757110596e-01 -5.683590173721313477e-01 -2.477929592132568359e-01
6.679225564002990723e-01 1.716368645429611206e-02 -1.017312854528427124e-01 2.312901765108108521e-01 -5.661912560462951660e-01 -2.484538555145263672e-01
6.605334877967834473e-01 1.762589067220687866e-02 -9.597542136907577515e-02 2.311050891876220703e-01 -5.645580887794494629e-01 -2.487309873104095459e-01
6.531974673271179199e-01 1.812102645635604858e-02 -9.048902988433837891e-02 2.311079204082489014e-01 -5.627084374427795410e-01 -2.492289543151855469e-01
6.458781361579895020e-01 1.867673546075820923e-02 -8.514307439327239990e-02 2.311051785945892334e-01 -5.607350468635559082e-01 -2.497819066047668457e-01
6.385204195976257324e-01 1.913740485906600952e-02 -7.983398437500000000e-02 2.313177585601806641e-01 -5.586864352226257324e-01 -2.504551708698272705e-01
6.302266120910644531e-01 1.947882026433944702e-02 -7.446476817131042480e-02 2.317924946546554565e-01 -5.557618141174316406e-01 -2.512713074684143066e-01
6.213353872299194336e-01 1.989262551069259644e-02 -6.889434903860092163e-02 2.320475131273269653e-01 -5.524410605430603027e-01 -2.519401311874389648e-01
6.121197342872619629e-01 2.037311345338821411e-02 -6.283824145793914795e-02 2.322699874639511108e-01 -5.492814779281616211e-01 -2.526431083679199219e-01
6.027812361717224121e-01 2.090834826231002808e-02 -5.660225450992584229e-02 2.326909005641937256e-01 -5.461789965629577637e-01 -2.535992562770843506e-01
5.941615700721740723e-01 2.153124660253524780e-02 -5.085767060518264771e-02 2.328081727027893066e-01 -5.433039069175720215e-01 -2.543394267559051514e-01
5.857530236244201660e-01 2.219351381063461304e-02 -4.498443752527236938e-02 2.323258370161056519e-01 -5.407685637474060059e-01 -2.545193433761596680e-01
5.769918560981750488e-01 2.289795130491256714e-02 -3.871138021349906921e-02 2.317716032266616821e-01 -5.382804870605468750e-01 -2.546695470809936523e-01
5.682145357131958008e-01 2.360374480485916138e-02 -3.217438608407974243e-02 2.311130166053771973e-01 -5.360401272773742676e-01 -2.547167539596557617e-01
5.591439604759216309e-01 2.426398545503616333e-02 -2.538537234067916870e-02 2.304409742355346680e-01 -5.337585806846618652e-01 -2.547049522399902344e-01
5.497437715530395508e-01 2.497173100709915161e-02 -1.910557597875595093e-02 2.297637611627578735e-01 -5.306382179260253906e-01 -2.547354996204376221e-01
5.403223037719726562e-01 2.568048983812332153e-02 -1.315557118505239487e-02 2.291777729988098145e-01 -5.271667242050170898e-01 -2.548582553863525391e-01
5.302696228027343750e-01 2.672906965017318726e-02 -6.365377455949783325e-03 2.280444651842117310e-01 -5.239042639732360840e-01 -2.547735273838043213e-01
5.200439691543579102e-01 2.810382097959518433e-02 7.108580321073532104e-04 2.264400124549865723e-01 -5.207548141479492188e-01 -2.545438408851623535e-01
5.102667212486267090e-01 2.925676852464675903e-02 7.150457240641117096e-03 2.247024774551391602e-01 -5.174171924591064453e-01 -2.539592385292053223e-01
5.002554059028625488e-01 3.035175055265426636e-02 1.349518354982137680e-02 2.225704491138458252e-01 -5.137506127357482910e-01 -2.529222071170806885e-01
4.894846081733703613e-01 3.145463019609451294e-02 2.107937261462211609e-02 2.202693372964859009e-01 -5.105639696121215820e-01 -2.517239749431610107e-01
4.784493446350097656e-01 3.266323357820510864e-02 2.782985940575599670e-02 2.177133709192276001e-01 -5.062792301177978516e-01 -2.503766119480133057e-01
4.666690528392791748e-01 3.389378637075424194e-02 3.465214744210243225e-02 2.150455266237258911e-01 -5.013211965560913086e-01 -2.489393055438995361e-01
4.536018371582031250e-01 3.519523888826370239e-02 4.221029952168464661e-02 2.117561250925064087e-01 -4.958121478557586670e-01 -2.469513714313507080e-01
4.399570822715759277e-01 3.635659068822860718e-02 4.997171089053153992e-02 2.086856216192245483e-01 -4.899287819862365723e-01 -2.450422048568725586e-01
4.260487258434295654e-01 3.756805509328842163e-02 5.891747772693634033e-02 2.063539624214172363e-01 -4.849662184715270996e-01 -2.439220249652862549e-01
4.116483032703399658e-01 3.934032469987869263e-02 6.774739921092987061e-02 2.034617066383361816e-01 -4.793956875801086426e-01 -2.428020238876342773e-01
3.967013657093048096e-01 4.146685451269149780e-02 7.638879120349884033e-02 1.998807042837142944e-01 -4.730901718139648438e-01 -2.413475513458251953e-01
3.817115426063537598e-01 4.339586943387985229e-02 8.517865091562271118e-02 1.963611394166946411e-01 -4.668901860713958740e-01 -2.397570013999938965e-01
3.655045628547668457e-01 4.568225890398025513e-02 9.557645022869110107e-02 1.911626607179641724e-01 -4.610810279846191406e-01 -2.368449270725250244e-01
3.510613441467285156e-01 4.805067926645278931e-02 1.034100800752639771e-01 1.861824393272399902e-01 -4.544714093208312988e-01 -2.342331111431121826e-01
3.337263464927673340e-01 5.137566477060317993e-02 1.140412986278533936e-01 1.803662925958633423e-01 -4.477676451206207275e-01 -2.317419648170471191e-01
3.163877129554748535e-01 5.439472943544387817e-02 1.253816634416580200e-01 1.747028827667236328e-01 -4.417693614959716797e-01 -2.290976047515869141e-01
2.997468709945678711e-01 5.834291130304336548e-02 1.351486146450042725e-01 1.708794236183166504e-01 -4.348954856395721436e-01 -2.292223274707794189e-01
2.861702442169189453e-01 6.207156926393508911e-02 1.444707363843917847e-01 1.670261621475219727e-01 -4.306409955024719238e-01 -2.290977239608764648e-01
2.749859690666198730e-01 6.688001006841659546e-02 1.516627967357635498e-01 1.622122526168823242e-01 -4.266487658023834229e-01 -2.290922701358795166e-01
2.507862746715545654e-01 7.427917420864105225e-02 1.661958992481231689e-01 1.531007736921310425e-01 -4.169821739196777344e-01 -2.273799479007720947e-01
2.270026654005050659e-01 9.087570756673812866e-02 1.874331086874008179e-01 1.372691988945007324e-01 -4.144357740879058838e-01 -2.281449139118194580e-01
2.127186655998229980e-01 1.189430952072143555e-01 1.929739564657211304e-01 1.016101241111755371e-01 -4.056926369667053223e-01 -2.205532193183898926e-01
2.373373210430145264e-01 1.385937333106994629e-01 1.603873670101165771e-01 8.153426647186279297e-02 -3.977246880531311035e-01 -2.201279997825622559e-01
2.609124183654785156e-01 1.410850435495376587e-01 1.305582225322723389e-01 7.307642698287963867e-02 -3.914706408977508545e-01 -2.141614705324172974e-01
2.743313312530517578e-01 1.366799920797348022e-01 1.068925708532333374e-01 7.349699735641479492e-02 -3.812239170074462891e-01 -2.101769894361495972e-01
2.878882884979248047e-01 1.293948888778686523e-01 8.557511121034622192e-02 7.569092512130737305e-02 -3.734633922576904297e-01 -2.050858139991760254e-01
2.990295290946960449e-01 1.280220448970794678e-01 6.453607976436614990e-02 7.489180564880371094e-02 -3.635656237602233887e-01 -2.029138505458831787e-01
3.022796511650085449e-01 1.321440041065216064e-01 5.067291110754013062e-02 7.065173238515853882e-02 -3.529525697231292725e-01 -2.027957439422607422e-01
3.104646503925323486e-01 1.362901031970977783e-01 3.622555732727050781e-02 6.559446454048156738e-02 -3.466902077198028564e-01 -2.018845677375793457e-01
3.227250277996063232e-01 1.369976699352264404e-01 1.825895160436630249e-02 6.100848689675331116e-02 -3.409839868545532227e-01 -1.980061531066894531e-01
3.333657383918762207e-01 1.347815990447998047e-01 -2.257530577480792999e-03 5.916322022676467896e-02 -3.311082124710083008e-01 -1.939448118209838867e-01
3.396625220775604248e-01 1.321542412042617798e-01 -1.940622180700302124e-02 5.792419984936714172e-02 -3.202562928199768066e-01 -1.900784373283386230e-01
3.456103205680847168e-01 1.279178559780120850e-01 -3.793633356690406799e-02 5.530485883355140686e-02 -3.076739907264709473e-01 -1.832227110862731934e-01
3.518694937229156494e-01 1.244721338152885437e-01 -5.765150859951972961e-02 5.191272869706153870e-02 -2.942179739475250244e-01 -1.763848662376403809e-01
3.576036095619201660e-01 1.213257312774658203e-01 -7.733005285263061523e-02 4.974096640944480896e-02 -2.802735567092895508e-01 -1.710667014122009277e-01
3.616335690021514893e-01 1.167940124869346619e-01 -9.695711731910705566e-02 4.892982169985771179e-02 -2.646764516830444336e-01 -1.657238304615020752e-01
3.649907410144805908e-01 1.150263026356697083e-01 -1.162332296371459961e-01 4.659705981612205505e-02 -2.487575113773345947e-01 -1.616233587265014648e-01
3.683736324310302734e-01 1.153171211481094360e-01 -1.310318112373352051e-01 3.906156122684478760e-02 -2.373418211936950684e-01 -1.543786823749542236e-01
3.718072772026062012e-01 1.136827692389488220e-01 -1.457511335611343384e-01 3.076297417283058167e-02 -2.260561436414718628e-01 -1.444457471370697021e-01
3.759047091007232666e-01 1.095970869064331055e-01 -1.633475124835968018e-01 2.158881351351737976e-02 -2.125571966171264648e-01 -1.311859041452407837e-01
3.801617026329040527e-01 1.052729189395904541e-01 -1.804384142160415649e-01 1.331545040011405945e-02 -1.997232884168624878e-01 -1.185883730649948120e-01
3.844232559204101562e-01 9.938638657331466675e-02 -2.023000568151473999e-01 -1.467626541852951050e-03 -1.821231991052627563e-01 -9.791876375675201416e-02
3.873516917228698730e-01 9.874475002288818359e-02 -2.230572849512100220e-01 -2.670615538954734802e-02 -1.642944067716598511e-01 -7.203859090805053711e-02
3.913397490978240967e-01 9.854797273874282837e-02 -2.376330196857452393e-01 -5.551363900303840637e-02 -1.537067294120788574e-01 -4.303433373570442200e-02
3.940377831459045410e-01 9.513135254383087158e-02 -2.371184378862380981e-01 -7.455638051033020020e-02 -1.569193452596664429e-01 -2.057497203350067139e-02
3.944749534130096436e-01 9.094036370515823364e-02 -2.316723167896270752e-01 -9.382118284702301025e-02 -1.628026366233825684e-01 2.880819141864776611e-03
3.936655819416046143e-01 8.683157712221145630e-02 -2.261469960212707520e-01 -1.088200509548187256e-01 -1.675185859203338623e-01 2.198847383260726929e-02
3.942842483520507812e-01 8.307562768459320068e-02 -2.186909914016723633e-01 -1.223846673965454102e-01 -1.755932569503784180e-01 3.930903971195220947e-02
3.938131332397460938e-01 8.002343773841857910e-02 -2.082572877407073975e-01 -1.382243335247039795e-01 -1.855558454990386963e-01 5.820089578628540039e-02
3.943551182746887207e-01 7.572221010923385620e-02 -1.975393891334533691e-01 -1.516725271940231323e-01 -1.968157291412353516e-01 7.595031708478927612e-02
3.954455256462097168e-01 7.088900357484817505e-02 -1.887060701847076416e-01 -1.621451973915100098e-01 -2.067394554615020752e-01 9.125619381666183472e-02
3.963488340377807617e-01 6.632952392101287842e-02 -1.793153136968612671e-01 -1.722012758255004883e-01 -2.170335203409194946e-01 1.058717519044876099e-01
3.958308696746826172e-01 6.225011497735977173e-02 -1.702664196491241455e-01 -1.829827129840850830e-01 -2.255644500255584717e-01 1.207325980067253113e-01
3.942862749099731445e-01 5.798853188753128052e-02 -1.621033549308776855e-01 -1.935458183288574219e-01 -2.321829199790954590e-01 1.355572938919067383e-01
3.935497105121612549e-01 5.401042848825454712e-02 -1.530877500772476196e-01 -2.045356035232543945e-01 -2.404619604349136353e-01 1.505251824855804443e-01
3.926048874855041504e-01 5.035366863012313843e-02 -1.441555470228195190e-01 -2.153455913066864014e-01 -2.484493404626846313e-01 1.649919152259826660e-01
3.907633721828460693e-01 4.628292471170425415e-02 -1.345942765474319458e-01 -2.242099344730377197e-01 -2.561690807342529297e-01 1.779270172119140625e-01
3.887049555778503418e-01 4.147877544164657593e-02 -1.261761486530303955e-01 -2.314313054084777832e-01 -2.625288069248199463e-01 1.899525225162506104e-01
3.865143954753875732e-01 3.756200522184371948e-02 -1.181167066097259521e-01 -2.374957501888275146e-01 -2.683976888656616211e-01 1.999337375164031982e-01
3.837830424308776855e-01 3.419107943773269653e-02 -1.091107428073883057e-01 -2.433080375194549561e-01 -2.746722996234893799e-01 2.091169655323028564e-01
3.804892897605895996e-01 3.122068196535110474e-02 -9.988409280776977539e-02 -2.492262721061706543e-01 -2.806051969528198242e-01 2.180055975914001465e-01
3.772048354148864746e-01 2.851279824972152710e-02 -9.057463705539703369e-02 -2.550207078456878662e-01 -2.866302132606506348e-01 2.265079021453857422e-01
3.752109408378601074e-01 2.489245682954788208e-02 -8.064168691635131836e-02 -2.593504488468170166e-01 -2.945692539215087891e-01 2.344579994678497314e-01
3.734486401081085205e-01 2.075143903493881226e-02 -6.965369731187820435e-02 -2.634253799915313721e-01 -3.037949502468109131e-01 2.426739335060119629e-01
3.705560564994812012e-01 1.677624136209487915e-02 -5.993989109992980957e-02 -2.668044269084930420e-01 -3.106161653995513916e-01 2.500281929969787598e-01
3.666083812713623047e-01 1.345217972993850708e-02 -4.861020669341087341e-02 -2.711835205554962158e-01 -3.179981708526611328e-01 2.577313482761383057e-01
3.621072173118591309e-01 1.034452766180038452e-02 -3.685577958822250366e-02 -2.756905853748321533e-01 -3.252514302730560303e-01 2.653460502624511719e-01
3.572286367416381836e-01 7.309101521968841553e-03 -2.541381120681762695e-02 -2.797119319438934326e-01 -3.318148255348205566e-01 2.724028229713439941e-01
3.512573242187500000e-01 3.166124224662780762e-04 -1.438382361084222794e-02 -2.831368744373321533e-01 -3.368735015392303467e-01 2.828202545642852783e-01
3.454580307006835938e-01 -8.527718484401702881e-03 -3.913783468306064606e-03 -2.854690849781036377e-01 -3.415442407131195068e-01 2.939968109130859375e-01
3.388430178165435791e-01 -1.646421104669570923e-02 6.465910933911800385e-03 -2.880404889583587646e-01 -3.453089296817779541e-01 3.045046925544738770e-01
3.319163322448730469e-01 -2.375895529985427856e-02 1.762205362319946289e-02 -2.908858954906463623e-01 -3.495383858680725098e-01 3.146448433399200439e-01
3.251561522483825684e-01 -3.022462129592895508e-02 3.086994588375091553e-02 -2.933518886566162109e-01 -3.560261130332946777e-01 3.235765099525451660e-01
3.173621594905853271e-01 -3.709653764963150024e-02 4.589710012078285217e-02 -2.956137061119079590e-01 -3.632592558860778809e-01 3.327102363109588623e-01
3.090987503528594971e-01 -4.394177347421646118e-02 5.983793735504150391e-02 -2.972110509872436523e-01 -3.689366877079010010e-01 3.411528170108795166e-01
3.015213012695312500e-01 -5.116099119186401367e-02 7.106375694274902344e-02 -2.974084615707397461e-01 -3.725850582122802734e-01 3.485694527626037598e-01
2.932951450347900391e-01 -5.909233540296554565e-02 8.247075974941253662e-02 -2.965429425239562988e-01 -3.757659196853637695e-01 3.556352853775024414e-01
2.845851182937622070e-01 -6.816863268613815308e-02 9.363400936126708984e-02 -2.954722940921783447e-01 -3.782191276550292969e-01 3.636409342288970947e-01
2.751986086368560791e-01 -7.891768962144851685e-02 1.057517603039741516e-01 -2.934369146823883057e-01 -3.809503614902496338e-01 3.723545968532562256e-01
2.668618559837341309e-01 -8.934611827135086060e-02 1.169138401746749878e-01 -2.914600968360900879e-01 -3.837757110595703125e-01 3.808062076568603516e-01
2.561676800251007080e-01 -9.729979187250137329e-02 1.296177208423614502e-01 -2.910835444927215576e-01 -3.857854008674621582e-01 3.883833289146423340e-01
2.451138049364089966e-01 -1.051530912518501282e-01 1.433093100786209106e-01 -2.909396588802337646e-01 -3.884231150150299072e-01 3.960927426815032959e-01
2.314445227384567261e-01 -1.141947880387306213e-01 1.589632928371429443e-01 -2.894592583179473877e-01 -3.904078006744384766e-01 4.036540389060974121e-01
2.120472788810729980e-01 -1.305238306522369385e-01 1.814055293798446655e-01 -2.823938727378845215e-01 -3.934528231620788574e-01 4.129177033901214600e-01
1.958163976669311523e-01 -1.442930400371551514e-01 2.041130065917968750e-01 -2.739513218402862549e-01 -3.999294042587280273e-01 4.182443618774414062e-01
1.825655549764633179e-01 -1.653079092502593994e-01 2.240908890962600708e-01 -2.608408331871032715e-01 -4.066564440727233887e-01 4.261487424373626709e-01
1.771819442510604858e-01 -1.939364075660705566e-01 2.310447841882705688e-01 -2.401917874813079834e-01 -4.082267284393310547e-01 4.341281950473785400e-01
1.813730299472808838e-01 -2.283285856246948242e-01 2.291509062051773071e-01 -2.127289772033691406e-01 -4.105239510536193848e-01 4.410575628280639648e-01
1.838378310203552246e-01 -2.596807777881622314e-01 2.247119545936584473e-01 -1.824891567230224609e-01 -4.085497856140136719e-01 4.421699345111846924e-01
1.951325535774230957e-01 -2.724933326244354248e-01 2.146860063076019287e-01 -1.740112900733947754e-01 -4.098185598850250244e-01 4.465046226978302002e-01
2.059701532125473022e-01 -2.856197953224182129e-01 2.049032598733901978e-01 -1.653552055358886719e-01 -4.108734130859375000e-01 4.509750008583068848e-01
2.250046283006668091e-01 -2.978593111038208008e-01 1.904840469360351562e-01 -1.580280214548110962e-01 -4.154886603355407715e-01 4.558873176574707031e-01
2.424184679985046387e-01 -3.090027570724487305e-01 1.744419783353805542e-01 -1.520826220512390137e-01 -4.168604612350463867e-01 4.610853791236877441e-01
2.599793672561645508e-01 -3.201557695865631104e-01 1.576119065284729004e-01 -1.465697884559631348e-01 -4.175912737846374512e-01 4.667255580425262451e-01
2.777282595634460449e-01 -3.296735286712646484e-01 1.399503946304321289e-01 -1.426832228899002075e-01 -4.176786541938781738e-01 4.723567366600036621e-01
2.925559878349304199e-01 -3.353182077407836914e-01 1.285030990839004517e-01 -1.428601294755935669e-01 -4.210590720176696777e-01 4.781783223152160645e-01
3.076421320438385010e-01 -3.411842584609985352e-01 1.182056814432144165e-01 -1.423136144876480103e-01 -4.258478283882141113e-01 4.834978580474853516e-01
3.232283592224121094e-01 -3.464091420173645020e-01 1.073934808373451233e-01 -1.420066803693771362e-01 -4.306218326091766357e-01 4.884158372879028320e-01
3.388544321060180664e-01 -3.508311808109283447e-01 9.464345127344131470e-02 -1.414791643619537354e-01 -4.334978759288787842e-01 4.923103451728820801e-01
3.530799150466918945e-01 -3.555921912193298340e-01 8.349072933197021484e-02 -1.410870999097824097e-01 -4.365706443786621094e-01 4.966793060302734375e-01
3.651133179664611816e-01 -3.599889278411865234e-01 7.455886155366897583e-02 -1.419049501419067383e-01 -4.396721720695495605e-01 5.018938779830932617e-01
3.767107129096984863e-01 -3.635815978050231934e-01 6.558214873075485229e-02 -1.433881670236587524e-01 -4.422928690910339355e-01 5.069697499275207520e-01
3.865159153938293457e-01 -3.680908381938934326e-01 5.754444748163223267e-02 -1.439196914434432983e-01 -4.440603554248809814e-01 5.120105147361755371e-01
3.955193758010864258e-01 -3.719402551651000977e-01 4.979508370161056519e-02 -1.444191634654998779e-01 -4.453144669532775879e-01 5.163594484329223633e-01
4.038882255554199219e-01 -3.750393986701965332e-01 4.208444803953170776e-02 -1.450266242027282715e-01 -4.459726810455322266e-01 5.200660228729248047e-01
4.119600355625152588e-01 -3.778842985630035400e-01 3.417707979679107666e-02 -1.459707915782928467e-01 -4.461371302604675293e-01 5.238550901412963867e-01
4.196052253246307373e-01 -3.799095749855041504e-01 2.560546249151229858e-02 -1.474490761756896973e-01 -4.452106952667236328e-01 5.273586511611938477e-01
4.272083640098571777e-01 -3.803006410598754883e-01 1.659420877695083618e-02 -1.499566733837127686e-01 -4.438025653362274170e-01 5.302573442459106445e-01
4.346050024032592773e-01 -3.818337917327880859e-01 8.051439188420772552e-03 -1.522525399923324585e-01 -4.426564276218414307e-01 5.340863466262817383e-01
4.417427480220794678e-01 -3.840631246566772461e-01 -1.750895753502845764e-04 -1.542826592922210693e-01 -4.415676593780517578e-01 5.383458137512207031e-01
4.488881826400756836e-01 -3.861248195171356201e-01 -8.501806296408176422e-03 -1.560353040695190430e-01 -4.403863847255706787e-01 5.421601533889770508e-01
4.553256630897521973e-01 -3.879624903202056885e-01 -1.621580868959426880e-02 -1.574346125125885010e-01 -4.391098618507385254e-01 5.453971028327941895e-01
4.617000818252563477e-01 -3.898131549358367920e-01 -2.388456463813781738e-02 -1.588261872529983521e-01 -4.378155171871185303e-01 5.486393570899963379e-01
4.680655598640441895e-01 -3.916791677474975586e-01 -3.157185018062591553e-02 -1.602453142404556274e-01 -4.364936947822570801e-01 5.519244670867919922e-01
4.743757247924804688e-01 -3.936417698860168457e-01 -3.937590867280960083e-02 -1.618400216102600098e-01 -4.349998235702514648e-01 5.554817914962768555e-01
4.807084202766418457e-01 -3.956875205039978027e-01 -4.723010957241058350e-02 -1.629595160484313965e-01 -4.334782958030700684e-01 5.586470365524291992e-01
4.871167540550231934e-01 -3.978897333145141602e-01 -5.531321465969085693e-02 -1.635337769985198975e-01 -4.318035244941711426e-01 5.614235401153564453e-01
4.936795234680175781e-01 -3.997799456119537354e-01 -6.322499364614486694e-02 -1.641395688056945801e-01 -4.304545223712921143e-01 5.639195442199707031e-01
5.006301403045654297e-01 -4.011990427970886230e-01 -7.091172039508819580e-02 -1.647793799638748169e-01 -4.297184348106384277e-01 5.659784078598022461e-01
5.078951716423034668e-01 -4.020498692989349365e-01 -7.890932261943817139e-02 -1.658274680376052856e-01 -4.289858341217041016e-01 5.678773522377014160e-01
5.152100324630737305e-01 -4.028218686580657959e-01 -8.686593174934387207e-02 -1.668670773506164551e-01 -4.283441007137298584e-01 5.696889162063598633e-01
5.224242210388183594e-01 -4.038636684417724609e-01 -9.482197463512420654e-02 -1.678484529256820679e-01 -4.276022315025329590e-01 5.717121362686157227e-01
5.297348499298095703e-01 -4.050095975399017334e-01 -1.024644821882247925e-01 -1.690463721752166748e-01 -4.272703528404235840e-01 5.740559697151184082e-01
5.375307202339172363e-01 -4.057807028293609619e-01 -1.101723983883857727e-01 -1.706072241067886353e-01 -4.273583292961120605e-01 5.763879418373107910e-01
5.451873540878295898e-01 -4.063441455364227295e-01 -1.175829544663429260e-01 -1.721832156181335449e-01 -4.276044070720672607e-01 5.785273313522338867e-01
5.525256395339965820e-01 -4.069162607192993164e-01 -1.245856434106826782e-01 -1.739493012428283691e-01 -4.279400110244750977e-01 5.808655619621276855e-01
5.601392984390258789e-01 -4.075604677200317383e-01 -1.315489560365676880e-01 -1.754784733057022095e-01 -4.285903573036193848e-01 5.830389261245727539e-01
5.665974020957946777e-01 -4.086016416549682617e-01 -1.388157606124877930e-01 -1.765854954719543457e-01 -4.277816414833068848e-01 5.851871371269226074e-01
5.711880922317504883e-01 -4.099810421466827393e-01 -1.453398615121841431e-01 -1.777679920196533203e-01 -4.258482456207275391e-01 5.877490043640136719e-01
5.754147171974182129e-01 -4.112852215766906738e-01 -1.512522697448730469e-01 -1.789299696683883667e-01 -4.241624474525451660e-01 5.902152061462402344e-01
5.794990062713623047e-01 -4.124921858310699463e-01 -1.569809615612030029e-01 -1.799635589122772217e-01 -4.225180447101593018e-01 5.924557447433471680e-01
5.835639238357543945e-01 -4.131446182727813721e-01 -1.623312532901763916e-01 -1.808240413665771484e-01 -4.212326705455780029e-01 5.939686298370361328e-01
5.877496600151062012e-01 -4.133297801017761230e-01 -1.673396825790405273e-01 -1.817759573459625244e-01 -4.204099774360656738e-01 5.951057672500610352e-01
5.919336676597595215e-01 -4.129886925220489502e-01 -1.719289720058441162e-01 -1.828200519084930420e-01 -4.200046956539154053e-01 5.958087444305419922e-01
5.958714485168457031e-01 -4.126766026020050049e-01 -1.763771325349807739e-01 -1.837831884622573853e-01 -4.194943308830261230e-01 5.964598059654235840e-01
5.994674563407897949e-01 -4.122187197208404541e-01 -1.804563701152801514e-01 -1.844428479671478271e-01 -4.190110862255096436e-01 5.966615676879882812e-01
6.029593944549560547e-01 -4.115538597106933594e-01 -1.844698488712310791e-01 -1.852835416793823242e-01 -4.184895455837249756e-01 5.968374013900756836e-01
6.062233448028564453e-01 -4.110888838768005371e-01 -1.887988448143005371e-01 -1.856219470500946045e-01 -4.174244999885559082e-01 5.967108011245727539e-01
6.094761490821838379e-01 -4.106742739677429199e-01 -1.932107210159301758e-01 -1.856358349323272705e-01 -4.162654280662536621e-01 5.963101387023925781e-01
6.129822731018066406e-01 -4.102935492992401123e-01 -1.978998780250549316e-01 -1.854105740785598755e-01 -4.150823950767517090e-01 5.957041382789611816e-01
6.166214942932128906e-01 -4.101665616035461426e-01 -2.026386260986328125e-01 -1.849827766418457031e-01 -4.139828681945800781e-01 5.951493382453918457e-01
6.204307079315185547e-01 -4.099082350730895996e-01 -2.072458565235137939e-01 -1.845104694366455078e-01 -4.131848514080047607e-01 5.944187045097351074e-01
6.241559982299804688e-01 -4.097124040126800537e-01 -2.119455039501190186e-01 -1.840295791625976562e-01 -4.122104942798614502e-01 5.937420129776000977e-01
6.277505755424499512e-01 -4.095032215118408203e-01 -2.165757417678833008e-01 -1.836027801036834717e-01 -4.111748337745666504e-01 5.931060314178466797e-01
6.308702230453491211e-01 -4.092032909393310547e-01 -2.210656702518463135e-01 -1.833618432283401489e-01 -4.098045527935028076e-01 5.925651192665100098e-01
6.340530514717102051e-01 -4.088528156280517578e-01 -2.255926728248596191e-01 -1.831429004669189453e-01 -4.084603786468505859e-01 5.919957160949707031e-01
6.372189521789550781e-01 -4.085655808448791504e-01 -2.301317155361175537e-01 -1.828791797161102295e-01 -4.070872366428375244e-01 5.914447307586669922e-01
6.404669880867004395e-01 -4.080075323581695557e-01 -2.344385534524917603e-01 -1.829537451267242432e-01 -4.060284495353698730e-01 5.909612774848937988e-01
6.434853672981262207e-01 -4.073003530502319336e-01 -2.384490072727203369e-01 -1.832931935787200928e-01 -4.050363600254058838e-01 5.905935764312744141e-01
6.464093327522277832e-01 -4.057319760322570801e-01 -2.428871840238571167e-01 -1.823455691337585449e-01 -4.035221338272094727e-01 5.880775451660156250e-01
6.492123007774353027e-01 -4.042826592922210693e-01 -2.474762052297592163e-01 -1.812338232994079590e-01 -4.017360806465148926e-01 5.855164527893066406e-01
6.519519090652465820e-01 -4.028962254524230957e-01 -2.521280348300933838e-01 -1.800325512886047363e-01 -3.998238742351531982e-01 5.829287767410278320e-01
6.546663045883178711e-01 -4.014656245708465576e-01 -2.565595507621765137e-01 -1.787978708744049072e-01 -3.981067538261413574e-01 5.802634954452514648e-01
6.574060320854187012e-01 -3.999853730201721191e-01 -2.610037028789520264e-01 -1.776080131530761719e-01 -3.964023292064666748e-01 5.775933861732482910e-01
6.608819365501403809e-01 -3.986588418483734131e-01 -2.659710645675659180e-01 -1.763022392988204956e-01 -3.949108719825744629e-01 5.749610662460327148e-01
6.642956137657165527e-01 -3.973569571971893311e-01 -2.709402143955230713e-01 -1.749571710824966431e-01 -3.933553993701934814e-01 5.723141431808471680e-01
6.670524477958679199e-01 -3.962780237197875977e-01 -2.759442031383514404e-01 -1.731949150562286377e-01 -3.911082446575164795e-01 5.694729089736938477e-01
6.697843670845031738e-01 -3.951907455921173096e-01 -2.809567451477050781e-01 -1.714143455028533936e-01 -3.888276219367980957e-01 5.666050910949707031e-01
6.722741127014160156e-01 -3.939769864082336426e-01 -2.853462100028991699e-01 -1.698789000511169434e-01 -3.869279026985168457e-01 5.638558864593505859e-01
6.743708252906799316e-01 -3.925300538539886475e-01 -2.898361980915069580e-01 -1.685094833374023438e-01 -3.845346271991729736e-01 5.610395669937133789e-01
6.757023930549621582e-01 -3.911645412445068359e-01 -2.940322756767272949e-01 -1.671757996082305908e-01 -3.816701173782348633e-01 5.583403110504150391e-01
6.764205694198608398e-01 -3.899657726287841797e-01 -2.979083955287933350e-01 -1.657422482967376709e-01 -3.785121738910675049e-01 5.557080507278442383e-01
6.770444512367248535e-01 -3.888416290283203125e-01 -3.015339672565460205e-01 -1.642317771911621094e-01 -3.755104839801788330e-01 5.530734062194824219e-01
6.776639223098754883e-01 -3.877286911010742188e-01 -3.050301969051361084e-01 -1.627140194177627563e-01 -3.726337254047393799e-01 5.504426956176757812e-01
6.783342957496643066e-01 -3.866148591041564941e-01 -3.089090585708618164e-01 -1.612130701541900635e-01 -3.694252371788024902e-01 5.478279590606689453e-01
6.790803670883178711e-01 -3.855192065238952637e-01 -3.131253123283386230e-01 -1.597728133201599121e-01 -3.659550547599792480e-01 5.452920198440551758e-01
6.798264980316162109e-01 -3.844228684902191162e-01 -3.173412978649139404e-01 -1.583327353000640869e-01 -3.624852001667022705e-01 5.427556037902832031e-01
6.806109547615051270e-01 -3.835782408714294434e-01 -3.215561211109161377e-01 -1.567833572626113892e-01 -3.590548336505889893e-01 5.403615832328796387e-01
6.813322901725769043e-01 -3.825700581073760986e-01 -3.256615102291107178e-01 -1.553312242031097412e-01 -3.556707799434661865e-01 5.379012823104858398e-01
6.821194291114807129e-01 -3.817818164825439453e-01 -3.296509981155395508e-01 -1.543194651603698730e-01 -3.524684309959411621e-01 5.361012816429138184e-01
6.833321452140808105e-01 -3.805599510669708252e-01 -3.338494896888732910e-01 -1.534680128097534180e-01 -3.494826555252075195e-01 5.340279340744018555e-01
6.847922205924987793e-01 -3.792342543601989746e-01 -3.373875319957733154e-01 -1.524541676044464111e-01 -3.474046885967254639e-01 5.316884517669677734e-01
6.861037611961364746e-01 -3.779392242431640625e-01 -3.407552242279052734e-01 -1.511939167976379395e-01 -3.453485369682312012e-01 5.291331410408020020e-01
6.865571141242980957e-01 -3.767873942852020264e-01 -3.441685438156127930e-01 -1.495793610811233521e-01 -3.423885703086853027e-01 5.263667702674865723e-01
6.879470944404602051e-01 -3.760563731193542480e-01 -3.483102321624755859e-01 -1.474829316139221191e-01 -3.396368622779846191e-01 5.235393047332763672e-01
6.896094083786010742e-01 -3.753425478935241699e-01 -3.526290357112884521e-01 -1.452204883098602295e-01 -3.369803726673126221e-01 5.205630064010620117e-01
6.904367804527282715e-01 -3.745756745338439941e-01 -3.570254147052764893e-01 -1.427727937698364258e-01 -3.334113657474517822e-01 5.173484683036804199e-01
6.906838417053222656e-01 -3.746782541275024414e-01 -3.609310388565063477e-01 -1.389967054128646851e-01 -3.297528028488159180e-01 5.136749744415283203e-01
6.913965940475463867e-01 -3.745660185813903809e-01 -3.647743165493011475e-01 -1.349486410617828369e-01 -3.266222774982452393e-01 5.095146894454956055e-01
6.922064423561096191e-01 -3.740412294864654541e-01 -3.684826195240020752e-01 -1.306272894144058228e-01 -3.237238228321075439e-01 5.046685338020324707e-01
6.929881572723388672e-01 -3.730519711971282959e-01 -3.720504045486450195e-01 -1.260991394519805908e-01 -3.209377527236938477e-01 4.991511106491088867e-01
6.934030652046203613e-01 -3.718504309654235840e-01 -3.756051063537597656e-01 -1.217244863510131836e-01 -3.177979588508605957e-01 4.935749173164367676e-01
6.934452652931213379e-01 -3.703385591506958008e-01 -3.790481686592102051e-01 -1.175858974456787109e-01 -3.143970966339111328e-01 4.879244565963745117e-01
6.939334869384765625e-01 -3.683443069458007812e-01 -3.825597763061523438e-01 -1.132773458957672119e-01 -3.113737106323242188e-01 4.816216528415679932e-01
6.949740052223205566e-01 -3.657902479171752930e-01 -3.862493336200714111e-01 -1.086606532335281372e-01 -3.087246716022491455e-01 4.744508862495422363e-01
6.962455511093139648e-01 -3.630579113960266113e-01 -3.892508447170257568e-01 -1.045660972595214844e-01 -3.069947063922882080e-01 4.676240086555480957e-01
6.975805163383483887e-01 -3.602772951126098633e-01 -3.920627832412719727e-01 -1.006135940551757812e-01 -3.055177330970764160e-01 4.608908891677856445e-01
6.987468600273132324e-01 -3.576059043407440186e-01 -3.948622643947601318e-01 -9.651470184326171875e-02 -3.038845956325531006e-01 4.541206061840057373e-01
6.998511552810668945e-01 -3.549531698226928711e-01 -3.976411521434783936e-01 -9.227958321571350098e-02 -3.022100031375885010e-01 4.472327530384063721e-01
7.009361386299133301e-01 -3.522548377513885498e-01 -4.004085659980773926e-01 -8.808347582817077637e-02 -3.005275726318359375e-01 4.403383135795593262e-01
7.018483281135559082e-01 -3.493939042091369629e-01 -4.029011428356170654e-01 -8.409783244132995605e-02 -2.989471852779388428e-01 4.334917366504669189e-01
7.022442221641540527e-01 -3.466273546218872070e-01 -4.051681756973266602e-01 -7.942877709865570068e-02 -2.970760464668273926e-01 4.260561466217041016e-01
7.021295428276062012e-01 -3.439647555351257324e-01 -4.073940515518188477e-01 -7.374833524227142334e-02 -2.947354912757873535e-01 4.177131056785583496e-01
7.015879750251770020e-01 -3.404640555381774902e-01 -4.102390706539154053e-01 -6.778673827648162842e-02 -2.913489043712615967e-01 4.082508087158203125e-01
7.000993490219116211e-01 -3.369154930114746094e-01 -4.144282341003417969e-01 -5.788592621684074402e-02 -2.856711149215698242e-01 3.948014080524444580e-01
6.990720033645629883e-01 -3.338940739631652832e-01 -4.162367582321166992e-01 -4.873117431998252869e-02 -2.828352451324462891e-01 3.826252520084381104e-01
6.983188986778259277e-01 -3.309481739997863770e-01 -4.159886240959167480e-01 -3.982248529791831970e-02 -2.823302745819091797e-01 3.707706630229949951e-01
6.974418759346008301e-01 -3.280164599418640137e-01 -4.157977700233459473e-01 -3.064324334263801575e-02 -2.816441059112548828e-01 3.586597144603729248e-01
6.965647935867309570e-01 -3.254214823246002197e-01 -4.155070781707763672e-01 -2.142856642603874207e-02 -2.810577154159545898e-01 3.468500375747680664e-01
6.954662203788757324e-01 -3.229933083057403564e-01 -4.151952862739562988e-01 -1.240460202097892761e-02 -2.802709341049194336e-01 3.353978991508483887e-01
6.940292716026306152e-01 -3.204040527343750000e-01 -4.149613976478576660e-01 -3.719899803400039673e-03 -2.790678739547729492e-01 3.241239488124847412e-01
6.924080252647399902e-01 -3.173777461051940918e-01 -4.144113659858703613e-01 3.998350352048873901e-03 -2.779966592788696289e-01 3.133794069290161133e-01
6.907141804695129395e-01 -3.144974410533905029e-01 -4.138052463531494141e-01 1.171712204813957214e-02 -2.769089341163635254e-01 3.027803301811218262e-01
6.890364885330200195e-01 -3.116306662559509277e-01 -4.132862091064453125e-01 1.944347843527793884e-02 -2.757502794265747070e-01 2.921871840953826904e-01
6.874238252639770508e-01 -3.088403344154357910e-01 -4.133409559726715088e-01 2.711914852261543274e-02 -2.740828692913055420e-01 2.817211747169494629e-01
6.857917904853820801e-01 -3.061098158359527588e-01 -4.133775234222412109e-01 3.481391444802284241e-02 -2.724142670631408691e-01 2.712959051132202148e-01
6.841456294059753418e-01 -3.059045672416687012e-01 -4.113215208053588867e-01 5.026735737919807434e-02 -2.728241086006164551e-01 2.556371986865997314e-01
6.819389462471008301e-01 -3.051238656044006348e-01 -4.078081548213958740e-01 6.853812932968139648e-02 -2.741307914257049561e-01 2.365857362747192383e-01
6.795085072517395020e-01 -3.023468852043151855e-01 -4.045444130897521973e-01 8.496433496475219727e-02 -2.749640941619873047e-01 2.173825502395629883e-01
6.769527792930603027e-01 -2.985485196113586426e-01 -3.983346223831176758e-01 1.003959327936172485e-01 -2.786181569099426270e-01 1.981525868177413940e-01
6.754357814788818359e-01 -2.942932546138763428e-01 -3.920732140541076660e-01 1.159414201974868774e-01 -2.833625674247741699e-01 1.783518344163894653e-01
6.750971674919128418e-01 -2.898290753364562988e-01 -3.843679428100585938e-01 1.307584494352340698e-01 -2.907292246818542480e-01 1.590706259012222290e-01
6.766131520271301270e-01 -2.850270569324493408e-01 -3.742160499095916748e-01 1.445864588022232056e-01 -3.023971021175384521e-01 1.404405981302261353e-01
6.774455904960632324e-01 -2.806356549263000488e-01 -3.639250397682189941e-01 1.580878049135208130e-01 -3.135205507278442383e-01 1.225478500127792358e-01
6.770378947257995605e-01 -2.755094766616821289e-01 -3.506792485713958740e-01 1.666412353515625000e-01 -3.263586461544036865e-01 1.088682413101196289e-01
6.729030013084411621e-01 -2.741523087024688721e-01 -3.300305604934692383e-01 1.646476238965988159e-01 -3.428724408149719238e-01 1.095046848058700562e-01
6.681509613990783691e-01 -2.744973897933959961e-01 -3.070380985736846924e-01 1.586103737354278564e-01 -3.611128628253936768e-01 1.158870160579681396e-01
6.659980416297912598e-01 -2.738824188709259033e-01 -2.848505675792694092e-01 1.500964313745498657e-01 -3.811474740505218506e-01 1.237859874963760376e-01
6.636950373649597168e-01 -2.736428976058959961e-01 -2.633358240127563477e-01 1.420121341943740845e-01 -4.003592133522033691e-01 1.316307634115219116e-01
6.611613035202026367e-01 -2.727203965187072754e-01 -2.420913577079772949e-01 1.332514733076095581e-01 -4.190699458122253418e-01 1.394689232110977173e-01
6.587955355644226074e-01 -2.687808871269226074e-01 -2.323142290115356445e-01 1.206791400909423828e-01 -4.264813065528869629e-01 1.481017470359802246e-01
6.569196581840515137e-01 -2.647677659988403320e-01 -2.265273332595825195e-01 1.055390983819961548e-01 -4.303923249244689941e-01 1.592286676168441772e-01
6.550824046134948730e-01 -2.595387697219848633e-01 -2.212198525667190552e-01 9.018065035343170166e-02 -4.338625669479370117e-01 1.693581193685531616e-01
6.524438858032226562e-01 -2.551142871379852295e-01 -2.129663228988647461e-01 7.475388050079345703e-02 -4.394775629043579102e-01 1.803604066371917725e-01
6.498270630836486816e-01 -2.507065534591674805e-01 -2.049578130245208740e-01 5.984536930918693542e-02 -4.448692500591278076e-01 1.908611804246902466e-01
6.467568278312683105e-01 -2.461477220058441162e-01 -1.980763971805572510e-01 4.678598418831825256e-02 -4.486804306507110596e-01 1.993617415428161621e-01
6.435671448707580566e-01 -2.422155737876892090e-01 -1.911130845546722412e-01 3.488161787390708923e-02 -4.524540603160858154e-01 2.073339521884918213e-01
6.394074559211730957e-01 -2.402487993240356445e-01 -1.832063347101211548e-01 2.508346363902091980e-02 -4.562011361122131348e-01 2.151653319597244263e-01
6.346289515495300293e-01 -2.389383316040039062e-01 -1.749127209186553955e-01 1.585378870368003845e-02 -4.597162306308746338e-01 2.230845391750335693e-01
6.292227506637573242e-01 -2.374601960182189941e-01 -1.680098772048950195e-01 8.075196295976638794e-03 -4.612128734588623047e-01 2.293850034475326538e-01
6.240121126174926758e-01 -2.351720035076141357e-01 -1.620837152004241943e-01 6.372369825839996338e-04 -4.619283974170684814e-01 2.345347702503204346e-01
6.200495362281799316e-01 -2.325327396392822266e-01 -1.576502919197082520e-01 -7.926765829324722290e-03 -4.623992443084716797e-01 2.404595017433166504e-01
6.162461042404174805e-01 -2.290715277194976807e-01 -1.532524675130844116e-01 -1.679328456521034241e-02 -4.629936218261718750e-01 2.458648085594177246e-01
6.123864054679870605e-01 -2.256523966789245605e-01 -1.489388346672058105e-01 -2.568221464753150940e-02 -4.634475708007812500e-01 2.513346076011657715e-01
6.085186600685119629e-01 -2.222449481487274170e-01 -1.446875333786010742e-01 -3.449391946196556091e-02 -4.638311266899108887e-01 2.567388713359832764e-01
6.036660671234130859e-01 -2.194768488407135010e-01 -1.386561542749404907e-01 -4.200993850827217102e-02 -4.650099277496337891e-01 2.614867985248565674e-01
5.990620851516723633e-01 -2.166208922863006592e-01 -1.330117285251617432e-01 -4.975206777453422546e-02 -4.660503566265106201e-01 2.663729488849639893e-01
5.945145487785339355e-01 -2.129460275173187256e-01 -1.274702697992324829e-01 -5.804302170872688293e-02 -4.670442938804626465e-01 2.709890604019165039e-01
5.901740193367004395e-01 -2.091130912303924561e-01 -1.221760585904121399e-01 -6.661699712276458740e-02 -4.679979681968688965e-01 2.757300734519958496e-01
5.859339237213134766e-01 -2.046433389186859131e-01 -1.175831109285354614e-01 -7.579453289508819580e-02 -4.683508276939392090e-01 2.804378867149353027e-01
5.804947018623352051e-01 -1.998827457427978516e-01 -1.130390241742134094e-01 -8.392238616943359375e-02 -4.674556851387023926e-01 2.838051319122314453e-01
5.744536519050598145e-01 -1.952045559883117676e-01 -1.083216965198516846e-01 -9.204155206680297852e-02 -4.661319553852081299e-01 2.872461080551147461e-01
5.679699182510375977e-01 -1.905329227447509766e-01 -1.029920205473899841e-01 -1.009506583213806152e-01 -4.649778902530670166e-01 2.914835810661315918e-01
5.615156888961791992e-01 -1.858499944210052490e-01 -9.671949595212936401e-02 -1.114444434642791748e-01 -4.647961854934692383e-01 2.972944378852844238e-01
5.546672940254211426e-01 -1.815841197967529297e-01 -9.061574935913085938e-02 -1.219445914030075073e-01 -4.640515446662902832e-01 3.035287261009216309e-01
5.473661422729492188e-01 -1.777968406677246094e-01 -8.524195849895477295e-02 -1.324683725833892822e-01 -4.621241688728332520e-01 3.102652132511138916e-01
5.397912859916687012e-01 -1.738985180854797363e-01 -7.973006367683410645e-02 -1.430585533380508423e-01 -4.600612223148345947e-01 3.169570565223693848e-01
5.313098430633544922e-01 -1.693198084831237793e-01 -7.408450543880462646e-02 -1.519320607185363770e-01 -4.572253227233886719e-01 3.212518692016601562e-01
5.223622322082519531e-01 -1.645666062831878662e-01 -6.873409450054168701e-02 -1.607055366039276123e-01 -4.536281228065490723e-01 3.252721428871154785e-01
5.150311589241027832e-01 -1.606888771057128906e-01 -6.399402022361755371e-02 -1.702445596456527710e-01 -4.510371387004852295e-01 3.309334516525268555e-01
5.073848366737365723e-01 -1.578686535358428955e-01 -5.942092835903167725e-02 -1.786955595016479492e-01 -4.479638934135437012e-01 3.365642130374908447e-01
4.991806447505950928e-01 -1.541869044303894043e-01 -5.425846576690673828e-02 -1.867515742778778076e-01 -4.449221789836883545e-01 3.409384787082672119e-01
4.907153844833374023e-01 -1.497940123081207275e-01 -4.878148436546325684e-02 -1.948304176330566406e-01 -4.419339001178741455e-01 3.446244299411773682e-01
4.820100665092468262e-01 -1.452925503253936768e-01 -4.313492774963378906e-02 -2.031346857547760010e-01 -4.388751387596130371e-01 3.484272360801696777e-01
4.740140736103057861e-01 -1.389763355255126953e-01 -3.761442005634307861e-02 -2.119266986846923828e-01 -4.363996386528015137e-01 3.509030342102050781e-01
4.661183953285217285e-01 -1.325652003288269043e-01 -3.213982284069061279e-02 -2.207006514072418213e-01 -4.339785575866699219e-01 3.532658517360687256e-01
4.577341079711914062e-01 -1.262807846069335938e-01 -2.629366517066955566e-02 -2.290261387825012207e-01 -4.314404428005218506e-01 3.553069233894348145e-01
4.482448399066925049e-01 -1.204914674162864685e-01 -1.970449090003967285e-02 -2.361771762371063232e-01 -4.285403490066528320e-01 3.566686511039733887e-01
4.392478764057159424e-01 -1.156474277377128601e-01 -1.259610150009393692e-02 -2.437265515327453613e-01 -4.266517758369445801e-01 3.593739867210388184e-01
4.299753606319427490e-01 -1.104918792843818665e-01 -5.782381631433963776e-03 -2.507632076740264893e-01 -4.241929650306701660e-01 3.612550795078277588e-01
4.203540086746215820e-01 -1.054800227284431458e-01 -1.049027778208255768e-03 -2.571544647216796875e-01 -4.193049669265747070e-01 3.626344799995422363e-01
4.096486270427703857e-01 -1.010025367140769958e-01 4.246040247380733490e-03 -2.629165351390838623e-01 -4.138946533203125000e-01 3.639190793037414551e-01
3.980052173137664795e-01 -9.727428108453750610e-02 1.152934040874242783e-02 -2.677741646766662598e-01 -4.095345437526702881e-01 3.650484383106231689e-01
3.858900368213653564e-01 -9.284503012895584106e-02 1.898007094860076904e-02 -2.718182504177093506e-01 -4.048700928688049316e-01 3.646632730960845947e-01
3.735966682434082031e-01 -8.842290192842483521e-02 2.637511491775512695e-02 -2.758434116840362549e-01 -3.999717831611633301e-01 3.642663061618804932e-01
3.622332513332366943e-01 -8.411446958780288696e-02 3.336185216903686523e-02 -2.796958386898040771e-01 -3.955951035022735596e-01 3.638103008270263672e-01
3.515920042991638184e-01 -7.973106950521469116e-02 4.118481278419494629e-02 -2.839320600032806396e-01 -3.927768170833587646e-01 3.636631369590759277e-01
3.410062193870544434e-01 -7.532071322202682495e-02 4.893821477890014648e-02 -2.880135476589202881e-01 -3.899444341659545898e-01 3.633342683315277100e-01
3.305199444293975830e-01 -7.083407789468765259e-02 5.634550750255584717e-02 -2.915196120738983154e-01 -3.868654370307922363e-01 3.623536825180053711e-01
3.201853334903717041e-01 -6.648696213960647583e-02 6.407153606414794922e-02 -2.952497303485870361e-01 -3.842568695545196533e-01 3.617366850376129150e-01
3.083232641220092773e-01 -6.344240158796310425e-02 7.282969355583190918e-02 -2.984881699085235596e-01 -3.811529576778411865e-01 3.619305789470672607e-01
2.907506823539733887e-01 -6.262096017599105835e-02 8.306524157524108887e-02 -3.029321134090423584e-01 -3.738159239292144775e-01 3.655530810356140137e-01
2.720508873462677002e-01 -6.209366768598556519e-02 9.330891072750091553e-02 -3.081215023994445801e-01 -3.653597831726074219e-01 3.702151775360107422e-01
2.511116564273834229e-01 -6.276888400316238403e-02 1.054833233356475830e-01 -3.129584789276123047e-01 -3.565949797630310059e-01 3.757273554801940918e-01
2.300683408975601196e-01 -6.645262986421585083e-02 1.184893697500228882e-01 -3.153525590896606445e-01 -3.485577106475830078e-01 3.818051815032958984e-01
2.101317644119262695e-01 -6.963372975587844849e-02 1.314019411802291870e-01 -3.169158995151519775e-01 -3.415337204933166504e-01 3.865496218204498291e-01
1.919683963060379028e-01 -6.986118108034133911e-02 1.442582011222839355e-01 -3.175173103809356689e-01 -3.362265825271606445e-01 3.873784840106964111e-01
1.755281090736389160e-01 -6.981468945741653442e-02 1.539782881736755371e-01 -3.176812231540679932e-01 -3.295063972473144531e-01 3.874959051609039307e-01
1.593685150146484375e-01 -6.959838420152664185e-02 1.633819639682769775e-01 -3.177012801170349121e-01 -3.227504789829254150e-01 3.872996568679809570e-01
1.432089656591415405e-01 -6.938291341066360474e-02 1.727848052978515625e-01 -3.177217543125152588e-01 -3.159937858581542969e-01 3.871046602725982666e-01
1.268525123596191406e-01 -7.001326233148574829e-02 1.825821995735168457e-01 -3.168525397777557373e-01 -3.094347119331359863e-01 3.868657946586608887e-01
1.105460524559020996e-01 -7.222674041986465454e-02 1.921291053295135498e-01 -3.145795166492462158e-01 -3.026751577854156494e-01 3.868062496185302734e-01
9.172232449054718018e-02 -8.216563612222671509e-02 2.031579911708831787e-01 -3.068002164363861084e-01 -2.948803305625915527e-01 3.889658451080322266e-01
7.291619479656219482e-02 -9.223493188619613647e-02 2.141930758953094482e-01 -2.988021373748779297e-01 -2.871092557907104492e-01 3.910370767116546631e-01
5.456960201263427734e-02 -1.016085818409919739e-01 2.246968448162078857e-01 -2.911455929279327393e-01 -2.792664468288421631e-01 3.927541673183441162e-01
4.076328873634338379e-02 -1.099050417542457581e-01 2.316319793462753296e-01 -2.857084572315216064e-01 -2.723952531814575195e-01 3.956134915351867676e-01
2.817676961421966553e-02 -1.208450570702552795e-01 2.366478145122528076e-01 -2.768535912036895752e-01 -2.648245692253112793e-01 3.976986408233642578e-01
1.854118704795837402e-02 -1.302066445350646973e-01 2.393495291471481323e-01 -2.646511495113372803e-01 -2.578907012939453125e-01 3.948577940464019775e-01
8.803412318229675293e-03 -1.394636332988739014e-01 2.411870509386062622e-01 -2.526230514049530029e-01 -2.499904632568359375e-01 3.920866847038269043e-01
-1.234248280525207520e-03 -1.499183475971221924e-01 2.428108453750610352e-01 -2.402195930480957031e-01 -2.415765970945358276e-01 3.901379406452178955e-01
-1.085364818572998047e-02 -1.616863608360290527e-01 2.451102137565612793e-01 -2.248280942440032959e-01 -2.342565655708312988e-01 3.865144550800323486e-01
-2.175752818584442139e-02 -1.752980351448059082e-01 2.490841150283813477e-01 -2.104656547307968140e-01 -2.273265868425369263e-01 3.857637047767639160e-01
-3.127306699752807617e-02 -1.902179121971130371e-01 2.523764073848724365e-01 -1.958346366882324219e-01 -2.211033403873443604e-01 3.860525488853454590e-01
-3.841283917427062988e-02 -1.961086094379425049e-01 2.568905949592590332e-01 -1.870024204254150391e-01 -2.184777557849884033e-01 3.831110298633575439e-01
-4.484280943870544434e-02 -1.984775364398956299e-01 2.589339017868041992e-01 -1.786956340074539185e-01 -2.140910923480987549e-01 3.771731853485107422e-01
-5.288851261138916016e-02 -2.036826610565185547e-01 2.607721090316772461e-01 -1.648758798837661743e-01 -2.078835964202880859e-01 3.685585260391235352e-01
-6.143693625926971436e-02 -2.088999450206756592e-01 2.627452909946441650e-01 -1.510242074728012085e-01 -2.013083547353744507e-01 3.599241375923156738e-01
-6.994429230690002441e-02 -2.162427306175231934e-01 2.623113989830017090e-01 -1.376741528511047363e-01 -1.923671066761016846e-01 3.539168834686279297e-01
-7.867881655693054199e-02 -2.244865298271179199e-01 2.593291401863098145e-01 -1.243089735507965088e-01 -1.806503236293792725e-01 3.487955033779144287e-01
-8.573988080024719238e-02 -2.320493459701538086e-01 2.558374702930450439e-01 -1.096802949905395508e-01 -1.700975894927978516e-01 3.417296409606933594e-01
-9.172458946704864502e-02 -2.394375205039978027e-01 2.508276700973510742e-01 -9.403085708618164062e-02 -1.591030806303024292e-01 3.334683775901794434e-01
-9.786123037338256836e-02 -2.463824748992919922e-01 2.454310655593872070e-01 -7.868726551532745361e-02 -1.475698351860046387e-01 3.250697255134582520e-01
-1.036901623010635376e-01 -2.522742450237274170e-01 2.400687634944915771e-01 -6.404839456081390381e-02 -1.363786011934280396e-01 3.163226246833801270e-01
-1.097334474325180054e-01 -2.576060891151428223e-01 2.346241772174835205e-01 -5.000052228569984436e-02 -1.248907297849655151e-01 3.076066076755523682e-01
-1.165979206562042236e-01 -2.632202804088592529e-01 2.290393710136413574e-01 -3.523601964116096497e-02 -1.124414503574371338e-01 2.984563112258911133e-01
-1.249392926692962646e-01 -2.683898210525512695e-01 2.240892946720123291e-01 -2.003094926476478577e-02 -9.915000200271606445e-02 2.884207665920257568e-01
-1.326853632926940918e-01 -2.736727893352508545e-01 2.194471955299377441e-01 -4.243019968271255493e-03 -8.676183223724365234e-02 2.779158055782318115e-01
-1.403928995132446289e-01 -2.786889672279357910e-01 2.148250937461853027e-01 1.147125288844108582e-02 -7.443219423294067383e-02 2.672177255153656006e-01
-1.468814015388488770e-01 -2.812784910202026367e-01 2.018947303295135498e-01 2.316122874617576599e-02 -5.501332879066467285e-02 2.581172585487365723e-01
-1.528864800930023193e-01 -2.829761505126953125e-01 1.899770796298980713e-01 3.273364529013633728e-02 -3.709059953689575195e-02 2.502425014972686768e-01
-1.585328578948974609e-01 -2.838022708892822266e-01 1.796305775642395020e-01 4.050831124186515808e-02 -2.109771966934204102e-02 2.432939559221267700e-01
-1.641806960105895996e-01 -2.846275568008422852e-01 1.692849695682525635e-01 4.828317835927009583e-02 -5.104273557662963867e-03 2.363443821668624878e-01
-1.698272228240966797e-01 -2.854537665843963623e-01 1.589386463165283203e-01 5.605709180235862732e-02 1.088857650756835938e-02 2.293966710567474365e-01
-1.740199923515319824e-01 -2.859259843826293945e-01 1.490777432918548584e-01 6.295229494571685791e-02 2.494224905967712402e-02 2.229736894369125366e-01
-1.753729879856109619e-01 -2.869305014610290527e-01 1.379984021186828613e-01 6.767666339874267578e-02 3.737458586692810059e-02 2.192538380622863770e-01
-1.762701570987701416e-01 -2.878797948360443115e-01 1.275677084922790527e-01 7.247455418109893799e-02 4.870244860649108887e-02 2.154052406549453735e-01
-1.761491000652313232e-01 -2.880392670631408691e-01 1.161989271640777588e-01 7.777155935764312744e-02 5.995017290115356445e-02 2.102677077054977417e-01
-1.801211237907409668e-01 -2.923105061054229736e-01 1.039158403873443604e-01 8.333572745323181152e-02 7.620528340339660645e-02 2.089747786521911621e-01
-1.854317784309387207e-01 -3.009465336799621582e-01 9.220099449157714844e-02 8.895313739776611328e-02 9.323078393936157227e-02 2.119933962821960449e-01
-1.869698166847229004e-01 -3.066852688789367676e-01 8.312410116195678711e-02 8.952723443508148193e-02 1.038457155227661133e-01 2.171580344438552856e-01
-1.872130930423736572e-01 -3.103914558887481689e-01 7.755523920059204102e-02 8.282496035099029541e-02 1.096578538417816162e-01 2.275664955377578735e-01
-1.843371689319610596e-01 -3.106542229652404785e-01 7.446724176406860352e-02 6.207051500678062439e-02 1.098699271678924561e-01 2.485837042331695557e-01
-1.845270991325378418e-01 -3.119186758995056152e-01 7.338988780975341797e-02 4.225712642073631287e-02 1.111372113227844238e-01 2.696615457534790039e-01
-1.868435144424438477e-01 -3.154008686542510986e-01 7.479140162467956543e-02 2.482382580637931824e-02 1.120521128177642822e-01 2.905770540237426758e-01
-1.887263655662536621e-01 -3.172011375427246094e-01 7.571506500244140625e-02 6.283935159444808960e-03 1.130113005638122559e-01 3.109171986579895020e-01
-1.907217502593994141e-01 -3.185793459415435791e-01 7.664701342582702637e-02 -1.201253011822700500e-02 1.140747368335723877e-01 3.305918872356414795e-01
-1.906462907791137695e-01 -3.153183162212371826e-01 7.795178890228271484e-02 -3.159624710679054260e-02 1.126945018768310547e-01 3.469145596027374268e-01
-1.891923546791076660e-01 -3.097482621669769287e-01 7.912898063659667969e-02 -5.140698328614234924e-02 1.100633740425109863e-01 3.611552417278289795e-01
-1.874540448188781738e-01 -3.052189946174621582e-01 8.019527792930603027e-02 -6.775696575641632080e-02 1.072587668895721436e-01 3.729759454727172852e-01
-1.873662173748016357e-01 -3.008418679237365723e-01 7.865518331527709961e-02 -8.247014880180358887e-02 1.087110340595245361e-01 3.833120167255401611e-01
-1.866310834884643555e-01 -2.968552112579345703e-01 7.684171199798583984e-02 -9.521731734275817871e-02 1.097893714904785156e-01 3.920725286006927490e-01
-1.857011020183563232e-01 -2.931132018566131592e-01 7.488006353378295898e-02 -1.073610782623291016e-01 1.108210384845733643e-01 4.004742801189422607e-01
-1.848804056644439697e-01 -2.895296812057495117e-01 7.279157638549804688e-02 -1.193807125091552734e-01 1.120888292789459229e-01 4.089103937149047852e-01
-1.839755177497863770e-01 -2.851359248161315918e-01 7.011392712593078613e-02 -1.311149299144744873e-01 1.138615906238555908e-01 4.162508547306060791e-01
-1.832914948463439941e-01 -2.798986732959747314e-01 6.709903478622436523e-02 -1.430892795324325562e-01 1.161924600601196289e-01 4.229879379272460938e-01
-1.826796531677246094e-01 -2.744221687316894531e-01 6.404915452003479004e-02 -1.552064865827560425e-01 1.186304986476898193e-01 4.296286702156066895e-01
-1.822485923767089844e-01 -2.686903476715087891e-01 6.108540296554565430e-02 -1.673230081796646118e-01 1.211631894111633301e-01 4.360133409500122070e-01
-1.802757978439331055e-01 -2.628247737884521484e-01 5.756944417953491211e-02 -1.808304786682128906e-01 1.227063536643981934e-01 4.436552524566650391e-01
-1.776865124702453613e-01 -2.566299438476562500e-01 5.345749855041503906e-02 -1.946350038051605225e-01 1.242290139198303223e-01 4.512649476528167725e-01
-1.749139726161956787e-01 -2.507975101470947266e-01 4.932042956352233887e-02 -2.090594619512557983e-01 1.255935430526733398e-01 4.598569869995117188e-01
-1.721523106098175049e-01 -2.451935112476348877e-01 4.504972696304321289e-02 -2.238706052303314209e-01 1.271025836467742920e-01 4.690641164779663086e-01
-1.693907976150512695e-01 -2.395897507667541504e-01 4.077845811843872070e-02 -2.386818528175354004e-01 1.286123394966125488e-01 4.782716035842895508e-01
-1.645815372467041016e-01 -2.343497872352600098e-01 3.520929813385009766e-02 -2.533310949802398682e-01 1.293722391128540039e-01 4.876808822154998779e-01
-1.540161371231079102e-01 -2.305660247802734375e-01 2.592948079109191895e-02 -2.670430243015289307e-01 1.280866563320159912e-01 4.976090490818023682e-01
-1.426816582679748535e-01 -2.265734374523162842e-01 1.799154281616210938e-02 -2.817551195621490479e-01 1.246901154518127441e-01 5.083285570144653320e-01
-1.313058733940124512e-01 -2.249799668788909912e-01 9.646027348935604095e-03 -2.959713041782379150e-01 1.216598451137542725e-01 5.209512710571289062e-01
-1.186132133007049561e-01 -2.229887843132019043e-01 1.911222003400325775e-03 -3.102234303951263428e-01 1.167019903659820557e-01 5.332121849060058594e-01
-1.041773259639739990e-01 -2.205327749252319336e-01 -6.151677109301090240e-03 -3.228746652603149414e-01 1.103290021419525146e-01 5.434074401855468750e-01
-8.936977386474609375e-02 -2.180566787719726562e-01 -1.429897639900445938e-02 -3.350822627544403076e-01 1.036687493324279785e-01 5.531389713287353516e-01
-7.444521784782409668e-02 -2.158513069152832031e-01 -2.211064100265502930e-02 -3.471608459949493408e-01 9.655585885047912598e-02 5.630121231079101562e-01
-5.586330592632293701e-02 -2.140688300132751465e-01 -3.400933742523193359e-02 -3.569907844066619873e-01 8.987264335155487061e-02 5.710595846176147461e-01
-3.377513587474822998e-02 -2.130327224731445312e-01 -5.019247531890869141e-02 -3.657768070697784424e-01 8.396761119365692139e-02 5.788094997406005859e-01
-9.614408016204833984e-03 -2.119393944740295410e-01 -6.736671924591064453e-02 -3.764557242393493652e-01 7.698112726211547852e-02 5.883951187133789062e-01
1.450768113136291504e-02 -2.159881591796875000e-01 -8.328950405120849609e-02 -3.830086290836334229e-01 6.878182291984558105e-02 5.989967584609985352e-01
3.761577606201171875e-02 -2.365600466728210449e-01 -9.441193938255310059e-02 -3.782877027988433838e-01 5.679616332054138184e-02 6.148477792739868164e-01
6.037816405296325684e-02 -2.633725404739379883e-01 -1.040100455284118652e-01 -3.688303232192993164e-01 4.363188147544860840e-02 6.322028636932373047e-01
8.367605507373809814e-02 -2.898700833320617676e-01 -1.136291325092315674e-01 -3.597451150417327881e-01 2.995307743549346924e-02 6.496151685714721680e-01
1.102754771709442139e-01 -3.147140145301818848e-01 -1.227962374687194824e-01 -3.487141430377960205e-01 1.252076029777526855e-02 6.634281873703002930e-01
1.253397017717361450e-01 -3.302685916423797607e-01 -1.282600760459899902e-01 -3.416785895824432373e-01 2.920374274253845215e-03 6.719471812248229980e-01
1.320865303277969360e-01 -3.417180180549621582e-01 -1.294964551925659180e-01 -3.360474407672882080e-01 -2.590075135231018066e-03 6.777654886245727539e-01
1.388325840234756470e-01 -3.531692028045654297e-01 -1.307304501533508301e-01 -3.304144740104675293e-01 -8.102133870124816895e-03 6.835836768150329590e-01
1.448634266853332520e-01 -3.645434379577636719e-01 -1.325058341026306152e-01 -3.240616619586944580e-01 -1.235759258270263672e-02 6.886050701141357422e-01
1.486295461654663086e-01 -3.762845098972320557e-01 -1.333815157413482666e-01 -3.171116113662719727e-01 -1.524803042411804199e-02 6.933960914611816406e-01
1.503930091857910156e-01 -3.884511888027191162e-01 -1.326623260974884033e-01 -3.090014755725860596e-01 -1.773068308830261230e-02 6.974526643753051758e-01
1.496845632791519165e-01 -4.012137651443481445e-01 -1.291692256927490234e-01 -2.987656593322753906e-01 -2.051533758640289307e-02 6.999794244766235352e-01
1.500445604324340820e-01 -4.130973815917968750e-01 -1.265854239463806152e-01 -2.896656095981597900e-01 -2.345913648605346680e-02 7.027629613876342773e-01
1.506396532058715820e-01 -4.240949451923370361e-01 -1.244571805000305176e-01 -2.807109355926513672e-01 -2.618247270584106445e-02 7.048058509826660156e-01
1.503569185733795166e-01 -4.339968264102935791e-01 -1.227817535400390625e-01 -2.714649736881256104e-01 -2.757516503334045410e-02 7.054618000984191895e-01
1.500026583671569824e-01 -4.438467025756835938e-01 -1.211270689964294434e-01 -2.621769905090332031e-01 -2.887558937072753906e-02 7.060236930847167969e-01
1.496492922306060791e-01 -4.536968469619750977e-01 -1.194719374179840088e-01 -2.528893053531646729e-01 -3.017735481262207031e-02 7.065861225128173828e-01
1.492957472801208496e-01 -4.635466337203979492e-01 -1.178176701068878174e-01 -2.436014413833618164e-01 -3.147807717323303223e-02 7.071480751037597656e-01
1.489422321319580078e-01 -4.733980298042297363e-01 -1.161619722843170166e-01 -2.343113422393798828e-01 -3.278025984764099121e-02 7.077093720436096191e-01
1.480451822280883789e-01 -4.841875433921813965e-01 -1.143522858619689941e-01 -2.236105203628540039e-01 -3.369289636611938477e-02 7.077980637550354004e-01
1.453897953033447266e-01 -4.980606436729431152e-01 -1.117912232875823975e-01 -2.087365686893463135e-01 -3.359857201576232910e-02 7.067972421646118164e-01
1.425233483314514160e-01 -5.123577117919921875e-01 -1.074231266975402832e-01 -1.958803236484527588e-01 -3.510022163391113281e-02 7.082380056381225586e-01
1.397282928228378296e-01 -5.265235304832458496e-01 -1.020079255104064941e-01 -1.847060024738311768e-01 -3.772036731243133545e-02 7.112295627593994141e-01
1.369595825672149658e-01 -5.406538844108581543e-01 -9.661659598350524902e-02 -1.735523045063018799e-01 -4.034298658370971680e-02 7.142062187194824219e-01
1.359383761882781982e-01 -5.526331067085266113e-01 -9.328940510749816895e-02 -1.641819179058074951e-01 -4.264897108078002930e-02 7.168149948120117188e-01
1.351466774940490723e-01 -5.643293261528015137e-01 -9.019818902015686035e-02 -1.549036204814910889e-01 -4.494848847389221191e-02 7.192329168319702148e-01
1.346035301685333252e-01 -5.757433176040649414e-01 -8.611625432968139648e-02 -1.439525783061981201e-01 -4.848727583885192871e-02 7.196959257125854492e-01
