1.000000000000000000e+00 0.000000000000000000e+00 -9.108866981589933132e-02 4.609289305439902978e-02
9.999915165115335070e-01 2.194990973659699090e-07 -9.109347131375791773e-02 4.609136134984279098e-02
9.999660658619808906e-01 8.779803755903092929e-07 -9.110787671627972040e-02 4.608676616071846754e-02
9.999236474988639767e-01 1.975395789252008016e-06 -9.113188875082434137e-02 4.607910726062174750e-02
9.998642605013405849e-01 3.511665249991013959e-06 -9.116551196472727492e-02 4.606838427208743286e-02
9.997879035801415792e-01 5.486676607517990161e-06 -9.120875272790626709e-02 4.605459666640149968e-02
9.996945750774692829e-01 7.900285623022631478e-06 -9.126161923651504582e-02 4.603774376333848867e-02
9.995842729668843463e-01 1.075231593497522963e-05 -9.132412151764990327e-02 4.601782473082306063e-02
9.994569948531530912e-01 1.404255901731456931e-05 -9.139627143511154517e-02 4.599483858451498125e-02
9.993127379720736503e-01 1.777077413001386014e-05 -9.147808269623412813e-02 4.596878418731845800e-02
9.991514991902770149e-01 2.193668826201480905e-05 -9.156957085978612021e-02 4.593966024881317861e-02
9.989732750049985510e-01 2.653999606651844846e-05 -9.167075334495540517e-02 4.590746532460855678e-02
9.987780615438185405e-01 3.158035978862001826e-05 -9.178164944142898352e-02 4.587219781561816673e-02
9.985658545643849582e-01 3.705740918527338672e-05 -9.190228032057949636e-02 4.583385596725540745e-02
9.983366494541031644e-01 4.297074143756947248e-05 -9.203266904777414326e-02 4.579243786854805820e-02
9.980904412297973982e-01 4.931992105531140662e-05 -9.217284059582049605e-02 4.574794145117139915e-02
9.978272245373536187e-01 5.610447977386784775e-05 -9.232282185956737497e-02 4.570036448839803755e-02
9.975469936513241542e-01 6.332391644328449034e-05 -9.248264167167752348e-02 4.564970459396355124e-02
9.972497424745158101e-01 7.097769690963231972e-05 -9.265233081959631245e-02 4.559595922084681147e-02
9.969354645375403390e-01 7.906525388857028576e-05 -9.283192206373376554e-02 4.553912565996221656e-02
9.966041529983497016e-01 8.758598683109753314e-05 -9.302145015688714769e-02 4.547920103876339215e-02
9.962558006417348011e-01 9.653926178147150526e-05 -9.322095186492872221e-02 4.541618231975610293e-02
9.958903998788048995e-01 1.059244112272632988e-04 -9.343046598878405884e-02 4.535006629891866897e-02
9.955079427464286201e-01 1.157407339415239973e-04 -9.365003338773326969e-02 4.528084960402688208e-02
9.951084209066636266e-01 1.259874948170330085e-04 -9.387969700406362250e-02 4.520852869288258247e-02
9.946918256461463326e-01 1.366639246925979126e-04 -9.411950188910840620e-02 4.513309985144257214e-02
9.942581478754559665e-01 1.477692201713737958e-04 -9.436949523070603529e-02 4.505455919184570696e-02
9.938073781284615382e-01 1.593025434311718075e-04 -9.462972638211811227e-02 4.497290265033593304e-02
9.933395065616302810e-01 1.712630220267230866e-04 -9.490024689244511147e-02 4.488812598507725682e-02
9.928545229533112249e-01 1.836497486838624133e-04 -9.518111053858291370e-02 4.480022477385910140e-02
9.923524167029986742e-01 1.964617810855979899e-04 -9.547237335876415654e-02 4.470919441168796221e-02
9.918331768305561624e-01 2.096981416500331985e-04 -9.577409368773147358e-02 4.461503010826239901e-02
9.912967919754287482e-01 2.233578173000984042e-04 -9.608633219359460909e-02 4.451772688532768668e-02
9.907432503958133463e-01 2.374397592250617134e-04 -9.640915191642177029e-02 4.441727957390664144e-02
9.901725399678048545e-01 2.519428826337781935e-04 -9.674261830862285194e-02 4.431368281140202897e-02
9.895846481845267384e-01 2.668660664996367867e-04 -9.708679927718352753e-02 4.420693103856770945e-02
9.889795621552154303e-01 2.822081532971712817e-04 -9.744176522781254624e-02 4.409701849634248272e-02
9.883572686042906286e-01 2.979679487302913784e-04 -9.780758911106848807e-02 4.398393922254321964e-02
9.877177538703972859e-01 3.141442214520968738e-04 -9.818434647053517206e-02 4.386768704841224886e-02
9.870610039054095175e-01 3.307357027762364808e-04 -9.857211549312097643e-02 4.374825559501324679e-02
9.863870042734177446e-01 3.477410863797678032e-04 -9.897097706155810748e-02 4.362563826947060686e-02
9.856957401496848625e-01 3.651590279974839884e-04 -9.938101480918447306e-02 4.349982826104670935e-02
9.849871963195719893e-01 3.829881451076642875e-04 -9.980231517709606259e-02 4.337081853705084672e-02
9.842613571774385672e-01 4.012270166092099240e-04 -1.002349674737604973e-01 4.323860183857332340e-02
9.835182067255109351e-01 4.198741824901310103e-04 -1.006790639371886037e-01 4.310317067603801344e-02
9.827577285727301382e-01 4.389281434873408203e-04 -1.011346997997673025e-01 4.296451732456706835e-02
9.819799059335631020e-01 4.583873607377246182e-04 -1.016019733558595067e-01 4.282263381914880318e-02
9.811847216267950422e-01 4.782502554204460209e-04 -1.020809860322887952e-01 4.267751194960234945e-02
9.803721580742785768e-01 4.985152083904563058e-04 -1.025718424618266011e-01 4.252914325532951290e-02
9.795421972996698479e-01 5.191805598031779337e-04 -1.030746505598107987e-01 4.237751901984634917e-02
9.786948209271264520e-01 5.402446087303166417e-04 -1.035895216040298022e-01 4.222263026508391720e-02
9.778300101799795030e-01 5.617056127667920768e-04 -1.041165703180175067e-01 4.206446774544925910e-02
9.769477458793793812e-01 5.835617876287438202e-04 -1.046559149579052994e-01 4.190302194163547655e-02
9.760480084429070669e-01 6.058113067425994645e-04 -1.052076774029973988e-01 4.173828305417109225e-02
9.751307778831554973e-01 6.284523008251675577e-04 -1.057719832502325985e-01 4.157024099669599099e-02
9.741960338062881641e-01 6.514828574547441376e-04 -1.063489619127158947e-01 4.139888538895249853e-02
9.732437554105630717e-01 6.749010206332325306e-04 -1.069387467225090954e-01 4.122420554947830301e-02
9.722739214848281630e-01 6.987047903392191702e-04 -1.075414750378809042e-01 4.104619048798716779e-02
9.712865104069829947e-01 7.228921220720506456e-04 -1.081572883552313069e-01 4.086482889742400898e-02
9.702815001424160979e-01 7.474609263868621078e-04 -1.087863324259172038e-01 4.068010914567819769e-02
9.692588682424060353e-01 7.724090684205853295e-04 -1.094287573782184997e-01 4.049201926693889869e-02
9.682185918424955906e-01 7.977343674089318673e-04 -1.100847178447021957e-01 4.030054695267534792e-02
9.671606476608317626e-01 8.234345961943539266e-04 -1.107543730952558064e-01 4.010567954222422210e-02
9.660850119964734528e-01 8.495074807250138291e-04 -1.114378871760770967e-01 3.990740401296372780e-02
9.649916607276697311e-01 8.759506995447787804e-04 -1.121354290549311933e-01 3.970570697005530031e-02
9.638805693101073491e-01 9.027618832742664162e-04 -1.128471727729983970e-01 3.950057463572941713e-02
9.627517127751169523e-01 9.299386140829869881e-04 -1.135732976036634007e-01 3.929199283809436255e-02
9.616050657278533143e-01 9.574784251526263171e-04 -1.143139882186161999e-01 3.907994699944113137e-02
9.604406023454373775e-01 9.853788001315220979e-04 -1.150694348616612961e-01 3.886442212402012319e-02
9.592582963750723168e-01 1.013637172580396980e-03 -1.158398335306566052e-01 3.864540278526074069e-02
9.580581211321104185e-01 1.042250925409441992e-03 -1.166253861680334042e-01 3.842287311240476927e-02
9.568400494980966453e-01 1.071217390306794005e-03 -1.174263008603793068e-01 3.819681677652136259e-02
9.556040539187693472e-01 1.100533847158571051e-03 -1.182427920475986050e-01 3.796721697587068789e-02
9.543501064020227798e-01 1.130197523460505947e-03 -1.190750807422011059e-01 3.773405642057992698e-02
9.530781785158383146e-01 1.160205593721361011e-03 -1.199233947593097982e-01 3.749731731659319139e-02
9.517882413861729063e-01 1.190555178858249000e-03 -1.207879689580176052e-01 3.725698134885502971e-02
9.504802656948012629e-01 1.221243345583986019e-03 -1.216690454947725042e-01 3.701302966368275049e-02
9.491542216771304830e-01 1.252267105786698028e-03 -1.225668740895159980e-01 3.676544285028224279e-02
9.478100791199599584e-01 1.283623415901848997e-03 -1.234817123053579963e-01 3.651420092135612000e-02
9.464478073592080820e-01 1.315309176276909919e-03 -1.244138258426221999e-01 3.625928329275091011e-02
9.450673752775885506e-01 1.347321230528910046e-03 -1.253634888481698073e-01 3.600066876208640743e-02
9.436687513022373741e-01 1.379656364895101052e-03 -1.263309842409680028e-01 3.573833548630477724e-02
9.422519034023052464e-01 1.412311307577065892e-03 -1.273166040549527922e-01 3.547226095807434060e-02
9.408167990864875208e-01 1.445282728078544927e-03 -1.283206498003117979e-01 3.520242198097617986e-02
9.393634054005088885e-01 1.478567236537326910e-03 -1.293434328444071080e-01 3.492879464339789658e-02
9.378916889245552113e-01 1.512161383051579102e-03 -1.303852748136528072e-01 3.465135429105210829e-02
9.364016157706537280e-01 1.546061657001025031e-03 -1.314465080177701084e-01 3.437007549803165751e-02
9.348931515799853154e-01 1.580264486363379970e-03 -1.325274758979632928e-01 3.408493203630587332e-02
9.333662615201520074e-01 1.614766237026576002e-03 -1.336285335006804909e-01 3.379589684355548823e-02
9.318209102823663548e-01 1.649563212097224056e-03 -1.347500479787754890e-01 3.350294198923543104e-02
9.302570620785888256e-01 1.684651651205920902e-03 -1.358923991220349070e-01 3.320603863874507788e-02
9.286746806385929309e-01 1.720027729810014996e-03 -1.370559799192087036e-01 3.290515701557657213e-02
9.270737292069526347e-01 1.755687558494450039e-03 -1.382411971538703988e-01 3.260026636130119310e-02
9.254541705399599305e-01 1.791627182271434988e-03 -1.394484720366447883e-01 3.229133489324068768e-02
9.238159669024648135e-01 1.827842579879694921e-03 -1.406782408765687997e-01 3.197832975965884950e-02
9.221590800646243258e-01 1.864329663084144956e-03 -1.419309557946042966e-01 3.166121699229410696e-02
9.204834712985771050e-01 1.901084275976331998e-03 -1.432070854827849904e-01 3.133996145602367667e-02
9.187891013749963642e-01 1.938102194279398048e-03 -1.445071160117618880e-01 3.101452679551514047e-02
9.170759305595754807e-01 1.975379124653090131e-03 -1.458315516924068023e-01 3.068487537849839963e-02
9.153439186094027846e-01 2.012910704005427005e-03 -1.471809159941570022e-01 3.035096823553976031e-02
9.135930247691935735e-01 2.050692498809604958e-03 -1.485557525257303058e-01 3.001276499597416852e-02
9.118232077674534031e-01 2.088720004427908200e-03 -1.499566260833206932e-01 2.967022381970810946e-02
9.100344258124669627e-01 2.126988644444095973e-03 -1.513841237721008093e-01 2.932330132455962871e-02
9.082266365881780379e-01 2.165493770005881211e-03 -1.528388562074649015e-01 2.897195250877398001e-02
9.063997972499405753e-01 2.204230659179115970e-03 -1.543214588031409928e-01 2.861613066831406038e-02
9.045538644200744605e-01 2.243194516315417074e-03 -1.558325931540505138e-01 2.825578730848581077e-02
9.026887941832740792e-01 2.282380471435363923e-03 -1.573729485226983138e-01 2.789087204941650966e-02
9.008045420818718840e-01 2.321783579629240878e-03 -1.589432434388280135e-01 2.752133252484786907e-02
8.989010631108479421e-01 2.361398820477665205e-03 -1.605442274232143085e-01 2.714711427365514018e-02
8.969783117127158034e-01 2.401221097494540910e-03 -1.621766828477289035e-01 2.676816062343690891e-02
8.950362417721181574e-01 2.441245237595029028e-03 -1.638414269452430905e-01 2.638441256544907937e-02
8.930748066102118798e-01 2.481465990591427001e-03 -1.655393139846071116e-01 2.599580862007716889e-02
8.910939589788310355e-01 2.521878028720103086e-03 -1.672712376277769031e-01 2.560228469194782835e-02
8.890936510543195892e-01 2.562475946202858942e-03 -1.690381334883722109e-01 2.520377391367636943e-02
8.870738344311146495e-01 2.603254258846332981e-03 -1.708409819133741014e-01 2.480020647713433030e-02
8.850344601149899848e-01 2.644207403683596080e-03 -1.726808110125697127e-01 2.439150945097871837e-02
8.829754785159483754e-01 2.685329738662159838e-03 -1.745586999636142000e-01 2.397760658303825856e-02
8.808968394407596936e-01 2.726615542383091072e-03 -1.764757826244328087e-01 2.355841808597371884e-02
8.787984920850633319e-01 2.768059013896532160e-03 -1.784332514891202870e-01 2.313386040442712982e-02
8.766803850250576291e-01 2.809654272558876047e-03 -1.804323620286719110e-01 2.270384596164572860e-02
8.745424662086938028e-01 2.851395357958075999e-03 -1.824744374639861999e-01 2.226828288329578062e-02
8.723846829463480779e-01 2.893276229913408805e-03 -1.845608740256680924e-01 2.182707469587423857e-02
8.702069819009347063e-01 2.935290768557332914e-03 -1.866931467635916109e-01 2.138011999676778935e-02
8.680093090773782771e-01 2.977432774506686124e-03 -1.888728159791343009e-01 2.092731209258583830e-02
8.657916098114510906e-01 3.019695969132792004e-03 -1.911015343647655129e-01 2.046853860191098079e-02
8.635538287578059524e-01 3.062073994939490829e-03 -1.933810549498695963e-01 2.000368101803443044e-02
8.612959098772388078e-01 3.104560416059737142e-03 -1.957132399684151924e-01 1.953261422657338875e-02
8.590177964230724106e-01 3.147148718882131994e-03 -1.981000707846131137e-01 1.905520597206572866e-02
8.567194309265298013e-01 3.189832312820644038e-03 -2.005436590371356131e-01 1.857131626670286903e-02
8.544007551810740564e-01 3.232604531241284936e-03 -2.030462591925289995e-01 1.808079673323658917e-02
8.520617102255297892e-01 3.275458632561253133e-03 -2.056102827349043927e-01 1.758348987275860920e-02
8.497022363258949218e-01 3.318387801538363793e-03 -2.082383142641084928e-01 1.707922824644206999e-02
8.473222729557561284e-01 3.361385150770009912e-03 -2.109331298300927138e-01 1.656783355840532948e-02
8.449217587750758041e-01 3.404443722422826907e-03 -2.136977179006077920e-01 1.604911562450670945e-02
8.425006316072288781e-01 3.447556490218277921e-03 -2.165353034461620918e-01 1.552287120904108017e-02
8.400588284140645401e-01 3.490716361700348103e-03 -2.194493757359186892e-01 1.498888270781163073e-02
8.375962852687682814e-01 3.533916180817141001e-03 -2.224437205779014048e-01 1.444691665178061968e-02
8.351129373263246336e-01 3.577148730850232810e-03 -2.255224579160290121e-01 1.389672200020559967e-02
8.326087187911518361e-01 3.620406737732311062e-03 -2.286900859286777055e-01 1.333802818560272940e-02
8.300835628817518907e-01 3.663682873797737861e-03 -2.319515330768489869e-01 1.277054286466692071e-02
8.275374017918823988e-01 3.706969762018137021e-03 -2.353122199508932977e-01 1.219394931896826927e-02
8.249701666477696760e-01 3.750259980783098978e-03 -2.387781333000683903e-01 1.160790343621660031e-02
8.223817874609216094e-01 3.793546069295303073e-03 -2.423559153532076904e-01 1.101203018633624062e-02
8.197721930758683495e-01 3.836820533661384081e-03 -2.460529725303746973e-01 1.040591948546992947e-02
8.171413111121508255e-01 3.880075853773937156e-03 -2.498776090235627079e-01 9.789121313948040762e-03
8.144890678995603261e-01 3.923304491098103010e-03 -2.538391926703206791e-01 9.161139919452056593e-03
8.118153884058112446e-01 3.966498897497235110e-03 -2.579483633392882225e-01 8.521426891842159498e-03
8.091201961551277577e-01 4.009651525261703417e-03 -2.622172981400024971e-01 7.869372838819603533e-03
8.064034131364213875e-01 4.052754838538674687e-03 -2.666600538933991960e-01 7.204297319121601671e-03
8.036649596990016464e-01 4.095801326408661860e-03 -2.712930166844160218e-01 6.525436600865855245e-03
8.009047544334513269e-01 4.138783517915439747e-03 -2.761355030950686240e-01 5.831928709975221954e-03
7.981227140346917048e-01 4.181693999438323116e-03 -2.812105817129393892e-01 5.122795133604199184e-03
7.953187531430570001e-01 4.224525434909262925e-03 -2.865462238847841792e-01 4.396918498837891660e-03
7.924927841586087984e-01 4.267270589540429586e-03 -2.921769634794191273e-01 3.653015709309770983e-03
7.896447170208154009e-01 4.309922357954567781e-03 -2.981463757408968074e-01 2.889606818216026909e-03
7.867744589445870851e-01 4.352473797971501308e-03 -3.045109395963274124e-01 2.104982570302703967e-03
7.838819140974211397e-01 4.394918171844893612e-03 -3.113463806152456104e-01 1.297181769842581942e-03
7.809669831965131426e-01 4.437248997664031656e-03 -3.187588129179743102e-01 4.640156716855101853e-04
7.780295629909255162e-01 4.479460115248627694e-03 -3.269061426760480060e-01 -3.967338789584916271e-04
7.750695455673430878e-01 4.521545774012358625e-03 -3.360446951704804119e-01 -1.286459226745391990e-03
7.720868173641995957e-01 4.563500757146752261e-03 -3.466524344849747918e-01 -2.201912589225688954e-03
7.690812576145588109e-01 4.605320575149360850e-03 -3.598920460125856757e-01 -3.111272032744847194e-03
7.660527353016199914e-01 4.647001837901905408e-03 -3.808208113890145241e-01 -7.936892601799930931e-04
7.630010933488745595e-01 4.688543950963985386e-03 -3.565647741226711243e-01 4.582078118952079802e-03
7.599261210283448920e-01 4.729951882097417279e-03 -3.407638424028284208e-01 7.164164715296313275e-03
7.568275805765261044e-01 4.771233048830958966e-03 -3.273837162764194897e-01 9.144597223560842550e-03
7.537052198872592479e-01 4.812395894842356157e-03 -3.153886044650422993e-01 1.080700631256364085e-02
7.505587747096665874e-01 4.853449668152562055e-03 -3.043383932184002827e-01 1.226262108108295938e-02
7.473879695731578954e-01 4.894404327152286800e-03 -2.939931700102337842e-01 1.356900376945696998e-02
7.441925182432189700e-01 4.935270493568327983e-03 -2.842035894865698742e-01 1.476061838703287936e-02
7.409721239257464065e-01 4.976059429199754421e-03 -2.748685202093099078e-01 1.586008169888060079e-02
7.377264793184744596e-01 5.016783026806167015e-03 -2.659153464308350867e-01 1.688320853235424079e-02
7.344552665582446682e-01 5.057453810438422050e-03 -2.572896186566980825e-01 1.784158587693941006e-02
7.311581570918342932e-01 5.098084942634910355e-03 -2.489491207192073008e-01 1.874401267747160052e-02
7.278348114852940531e-01 5.138690236980052346e-03 -2.408602373335005931e-01 1.959736290279247978e-02
7.244848791823966794e-01 5.179284175113939119e-03 -2.329956123774191978e-01 2.040713170780759922e-02
7.211079982181823889e-01 5.219881927635366091e-03 -2.253325751030895996e-01 2.117779646732484075e-02
7.177037948910476306e-01 5.260499378562147853e-03 -2.178520455047507909e-01 2.191306416495551052e-02
7.142718833959862401e-01 5.301153153163464839e-03 -2.105377506833067125e-01 2.261604609470319049e-02
7.108118654199814257e-01 5.341860649081636020e-03 -2.033756498856955919e-01 2.328938443540128078e-02
7.073233296996433994e-01 5.382640070744661165e-03 -1.963535035979404875e-01 2.393534600346530067e-02
7.038058515408921467e-01 5.423510467128820310e-03 -1.894605445567114077e-01 2.455589304214748914e-02
7.002589922996199645e-01 5.464491772985152589e-03 -1.826872224335543970e-01 2.515273758136319163e-02
6.966822988219169011e-01 5.505604853689356933e-03 -1.760250027910250092e-01 2.572738380893227136e-02
6.930753028421846595e-01 5.546871553916655692e-03 -1.694662066955963942e-01 2.628116153907666952e-02
6.894375203366243099e-01 5.588314750384810320e-03 -1.630038812476715948e-01 2.681525296518329909e-02
6.857684508297986481e-01 5.629958408950030968e-03 -1.566316939404240882e-01 2.733071427445718168e-02
6.820675766509695093e-01 5.671827646382764099e-03 -1.503438456081639119e-01 2.782849328075788151e-02
6.783343621368360665e-01 5.713948797195859616e-03 -1.441349980364060868e-01 2.830944393542422083e-02
6.745682527769333303e-01 5.756349485946777624e-03 -1.380002132509212109e-01 2.877433836384385088e-02
6.707686742971028515e-01 5.799058705488155038e-03 -1.319349021936296884e-01 2.922387692163800829e-02
6.669350316763664743e-01 5.842106901699013755e-03 -1.259347810045179095e-01 2.965869665115121109e-02
6.630667080916305967e-01 5.885526065296424816e-03 -1.199958335118251063e-01 3.007937843463712874e-02
6.591630637842502694e-01 5.929349831397709783e-03 -1.141142788228294014e-01 3.048645307702450152e-02
6.552234348417068643e-01 5.973613587585665033e-03 -1.082865431294896957e-01 3.088040650278861890e-02
6.512471318867721903e-01 6.018354591324238771e-03 -1.025092350144926057e-01 3.126168421427520661e-02
6.472334386659461813e-01 6.063612097672715744e-03 -9.677912367659201320e-02 3.163069512993627735e-02
6.431816105276640938e-01 6.109427498369771406e-03 -9.109311959866572828e-02 3.198781489831919317e-02
6.390908727798263467e-01 6.155844473491232927e-03 -8.544825726442929759e-02 3.233338876578679272e-02
6.349604189151083489e-01 6.202909157044133280e-03 -7.984167959528880310e-02 3.266773406167892274e-02
6.307894086905969644e-01 6.250670318034257621e-03 -7.427062383097628173e-02 3.299114235320611127e-02
6.265769660472886304e-01 6.299179558754122200e-03 -6.873240861943877289e-02 3.330388131305989791e-02
6.223221768527372744e-01 6.348491532270920425e-03 -6.322442211489985586e-02 3.360619633516386678e-02
6.180240864480657237e-01 6.398664181370231421e-03 -5.774411090976899752e-02 3.389831192771092239e-02
6.136816969782918907e-01 6.449759001529854589e-03 -5.228896964745782111e-02 3.418043290741634710e-02
6.092939644818801126e-01 6.501841330866212423e-03 -4.685653117997756745e-02 3.445274541449083738e-02
6.048597957123925672e-01 6.554980670430193314e-03 -4.144435714733207821e-02 3.471541776408414853e-02
6.003780446611501898e-01 6.609251038733992591e-03 -3.605002886556712277e-02 3.496860114662952296e-02
5.958475087455393782e-01 6.664731364986657344e-03 -3.067113841741965150e-02 3.521243018662868762e-02
5.912669246224855346e-01 6.721505926217418748e-03 -2.530527984402339975e-02 3.544702336674077775e-02
5.866349635804907203e-01 6.779664834296227072e-03 -1.995004033828641152e-02 3.567248332158114155e-02
5.819502264567254501e-01 6.839304579848027275e-03 -1.460299134041368949e-02 3.588889700324666976e-02
5.772112380172068624e-01 6.900528641233826845e-03 -9.261679433633603076e-03 3.609633571823347292e-02
5.724164407283075517e-01 6.963448168180494391e-03 -3.923616933357933906e-03 3.629485503299619692e-02
5.675641878360446757e-01 7.028182751336410627e-03 1.413727944397213032e-03 3.648449454283764909e-02
5.626527356555519610e-01 7.094861291076319347e-03 6.752941459792458599e-03 3.666527749604100994e-02
5.576802349565200823e-01 7.163622981363552619e-03 1.209667540921293034e-02 3.683721026202724236e-02
5.526447213096461475e-01 7.234618427509587578e-03 1.744765902413894162e-02 3.700028162874389320e-02
5.475441042350471799e-01 7.308010920381385889e-03 2.280871188654066961e-02 3.715446191030258305e-02
5.423761549633570045e-01 7.383977894194797102e-03 2.818275806631142036e-02 3.729970184088317320e-02
5.371384925836195645e-01 7.462712600703649835e-03 3.357284172105728243e-02 3.743593122488272917e-02
5.318285683068574299e-01 7.544426039684471764e-03 3.898214444207703799e-02 3.756305730588536951e-02
5.264436475184479658e-01 7.629349194511814321e-03 4.441400468490473707e-02 3.768096280786550900e-02
5.209807892222214631e-01 7.717735632867180409e-03 4.987193969131969301e-02 3.778950359051080204e-02
5.154368223918019964e-01 7.809864546951339817e-03 5.535967039632506276e-02 3.788850584605198829e-02
5.098083186335207184e-01 7.906044325959649122e-03 6.088114992356324917e-02 3.797776274636480154e-02
5.040915604235676195e-01 8.006616777380461472e-03 6.644059641334067179e-02 3.805703042515032331e-02
4.982825039999119743e-01 8.111962144757560444e-03 7.204253110875270816e-02 3.812602314876763210e-02
4.923767357531007027e-01 8.222505110534803277e-03 7.769182286109628521e-02 3.818440748815193214e-02
4.863694206498376249e-01 8.338722027184369140e-03 8.339374052499977374e-02 3.823179524956282077e-02
4.802552408128041850e-01 8.461149693319664974e-03 8.915401512362253200e-02 3.826773484825903709e-02
4.740283218299848889e-01 8.590396091692079419e-03 9.497891421364747233e-02 3.829170070889680727e-02
4.676821436206192173e-01 8.727153644302281313e-03 1.008753316252517934e-01 3.830308013799470224e-02
4.612094316594548826e-01 8.872215733585670644e-03 1.068508967770576967e-01 3.830115691996730659e-02
4.546020229302205062e-01 9.026497514152166668e-03 1.129141091958490023e-01 3.828509061260520346e-02
4.478506989518797887e-01 9.191062438091791853e-03 1.190745058975736931e-01 3.825389011919270998e-02
4.409449752957717017e-01 9.367156504208957318e-03 1.253428722105643933e-01 3.820637952700801226e-02
4.338728327077369107e-01 9.556253125291137504e-03 1.317315109248101967e-01 3.814115331802363229e-02
4.266203684765746962e-01 9.760112868321615606e-03 1.382545911225797897e-01 3.805651669664505965e-02
4.191713367138997781e-01 9.980864473007578300e-03 1.449286080202978888e-01 3.795040462865233860e-02
4.115065304013085234e-01 1.022111705359333989e-02 1.517730009587177908e-01 3.782026968559688146e-02
4.036029322019034082e-01 1.048411927811618988e-02 1.588110025343091036e-01 3.766292289936370302e-02
3.954325171648028214e-01 1.077399161982420077e-02 1.660708357296948878e-01 3.747430153050806262e-02
3.869605127948794743e-01 1.109607662219352052e-02 1.735874535516868100e-01 3.724911880651003704e-02
3.781427774064581859e-01 1.145748848996690043e-02 1.814051602313201117e-01 3.698031431403935032e-02
3.689216718268589212e-01 1.186801816154241934e-02 1.895817388814229898e-01 3.665814888468126725e-02
3.592191906610717744e-01 1.234171668470841060e-02 1.981953193421487069e-01 3.626862114417071792e-02
3.489246949094906847e-01 1.289988991329166050e-02 2.073566443328618003e-01 3.579047269488096206e-02
3.378708185601815850e-01 1.357738927358240026e-02 2.172331611390413975e-01 3.518889716112635208e-02
3.257792894174013076e-01 1.443796996686218942e-02 2.281031983062712098e-01 3.440018169105320267e-02
3.121102262596224253e-01 1.562189117021911024e-02 2.405066647005303093e-01 3.328410626866563915e-02
2.954310270938095839e-01 1.758232153613920046e-02 2.558761548106576744e-01 3.138753731254056295e-02
2.822841071707443139e-01 2.966234056035578145e-02 2.676691959143067123e-01 1.936742385632382948e-02
3.012554339340424159e-01 3.448603065178026256e-02 2.472996451886471936e-01 1.459969296042736009e-02
3.147435495923822102e-01 3.702591424559457944e-02 2.323686125101173949e-01 1.211181039006738007e-02
3.261268211379910187e-01 3.891769743319641039e-02 2.194972987146256993e-01 1.026804918669948011e-02
3.362504399500785834e-01 4.047078707658523927e-02 2.078400282493662876e-01 8.758975359351038950e-03
3.454955006965095277e-01 4.180845826695690770e-02 1.970151776986794057e-01 7.461281435416581426e-03
3.540753692895136084e-01 4.299413889887610668e-02 1.868088109105300043e-01 6.311502368240110364e-03
3.621248287606699812e-01 4.406538056317860913e-02 1.770855343952565109e-01 5.272044891264111161e-03
3.697359468598511723e-01 4.504651430013385804e-02 1.677526299991604075e-01 4.318531879026614104e-03
3.769751778014032162e-01 4.595433550448221882e-02 1.587429527749300018e-01 3.434117469165617800e-03
3.838924995191583256e-01 4.680099610549238315e-02 1.500057928577666899e-01 2.606594845809424073e-03
3.905267149529624837e-01 4.759561407941390737e-02 1.415015729148960122e-01 1.826786639814234961e-03
3.969087268761580245e-01 4.834523226359928316e-02 1.331985717066409003e-01 1.087585983752703935e-03
4.030636635116831012e-01 4.905542098717762672e-02 1.250707965346030126e-01 3.833537105722868970e-04
4.090123146706888257e-01 4.973067362086445314e-02 1.170965448496767009e-01 -2.904774049875902069e-04
4.147721348050770751e-01 5.037467568122074718e-02 1.092573986241958950e-01 -9.376719974506399343e-04
4.203579634350724792e-01 5.099049351558625209e-02 1.015375010134920014e-01 -1.561381081421394073e-03
4.257825550874554943e-01 5.158071004917449964e-02 9.392302315002615254e-02 -2.164278125753837847e-03
4.310569772398619159e-01 5.214752464186134945e-02 8.640176254625445140e-02 -2.748659281628197844e-03
4.361909145810584087e-01 5.269282798258256156e-02 7.896283476049696659e-02 -3.316518696385562133e-03
4.411929053648588894e-01 5.321825922914148049e-02 7.159643250476957488e-02 -3.869606125843859899e-03
4.460705276192957203e-01 5.372525026812349780e-02 6.429363438097353278e-02 -4.409471725737136930e-03
4.508305477095638225e-01 5.421506046556551217e-02 5.704625068556359868e-02 -4.937501400082567292e-03
4.554790402159997753e-01 5.468880428558085816e-02 4.984669724890612719e-02 -5.454945092185578721e-03
4.600214856614177061e-01 5.514747348348016803e-02 4.268789068973476847e-02 -5.962939734936622410e-03
4.644628509253453941e-01 5.559195511823913222e-02 3.556316014667842279e-02 -6.462528117263354778e-03
4.688076559762706097e-01 5.602304630566311283e-02 2.846617173717233898e-02 -6.954674602365639238e-03
4.730600296819840733e-01 5.644146640324811809e-02 2.139086284345273828e-02 -7.440278405752425404e-03
4.772237568201793123e-01 5.684786715128119228e-02 1.433138393692904959e-02 -7.920184977978222962e-03
4.813023179385230166e-01 5.724284117283522794e-02 7.282046093410107258e-03 -8.395195919157195930e-03
4.852989233581506134e-01 5.762692914490952223e-02 2.372726676744955942e-04 -8.866077766972652041e-03
4.892165423452451978e-01 5.800062588519353662e-02 -6.808446182835578391e-03 -9.333569938345135861e-03
4.930579282688408727e-01 5.836438554753260732e-02 -1.386059728860671025e-02 -9.798392061336425041e-03
4.968256404029711137e-01 5.871862607984126847e-02 -2.092468765111852105e-02 -1.026125090434210942e-02
5.005220629068770632e-01 5.906373306783115756e-02 -2.800628806565182843e-02 -1.072284709168449049e-02
5.041494214184661926e-01 5.940006306423430832e-02 -3.511107825188269221e-02 -1.118388178694259064e-02
5.077097976185447337e-01 5.972794648460154343e-02 -4.224489463446318843e-02 -1.164506352726664071e-02
5.112051420610286279e-01 6.004769013604670247e-02 -4.941378204954550990e-02 -1.210711540386879073e-02
5.146372855143446223e-01 6.035957943355715200e-02 -5.662405085818616318e-02 -1.257078280717698927e-02
5.180079490186304536e-01 6.066388034908450078e-02 -6.388234124211748799e-02 -1.303684199219561947e-02
5.213187528303112606e-01 6.096084113101451346e-02 -7.119569686953218512e-02 -1.350610977436945970e-02
5.245712243986675460e-01 6.125069382542640967e-02 -7.857165068961192989e-02 -1.397945474475514004e-02
5.277668054963638999e-01 6.153365562548621798e-02 -8.601832640628404025e-02 -1.445781050477830051e-02
5.309068586078377061e-01 6.180993007116870885e-02 -9.354456028625955655e-02 -1.494219157933486010e-02
5.339926726632568954e-01 6.207970811800300748e-02 -1.011600495139096945e-01 -1.543371289413563059e-02
5.370254681933994689e-01 6.234316909070913848e-02 -1.088755355321428947e-01 -1.593361403285274008e-02
5.400064019692757400e-01 6.260048153510661129e-02 -1.167030340447910985e-01 -1.644328997598706876e-02
5.429365711808541439e-01 6.285180397964126864e-02 -1.246561281515437963e-01 -1.696433075497296925e-02
5.458170172010067267e-01 6.309728561607146069e-02 -1.327503483500354076e-01 -1.749857358069940860e-02
5.486487289735887396e-01 6.333706690728392597e-02 -1.410036744209501869e-01 -1.804817278305963918e-02
5.514326460573908406e-01 6.357128012880430834e-02 -1.494372122410191905e-01 -1.861569578925348009e-02
5.541696613516574610e-01 6.380004984917585220e-02 -1.580761283431333930e-01 -1.920425823448480146e-02
5.568606235222955947e-01 6.402349335311846579e-02 -1.669509761177787877e-01 -1.981771981891888856e-02
5.595063391406999154e-01 6.424172100986508260e-02 -1.760996391516669035e-01 -2.046097815243556883e-02
5.621075745387781319e-01 6.445483658742069688e-02 -1.855702904011367060e-01 -2.114042811875760028e-02
5.646650573732596712e-01 6.466293751131396705e-02 -1.954261150189816887e-01 -2.186471705804752044e-02
5.671794778749261745e-01 6.486611506312237041e-02 -2.057533063336204893e-01 -2.264606736897838840e-02
5.696514897336248939e-01 6.506445450892663074e-02 -2.166756828179421113e-01 -2.350279176898601927e-02
5.720817105204222264e-01 6.525803513845865322e-02 -2.283843489095611079e-01 -2.446464588833872911e-02
5.744707214508221194e-01 6.544693017619285236e-02 -2.412077742947524028e-01 -2.558625744662725021e-02
5.768190660550649440e-01 6.563120647881816316e-02 -2.558242478494885952e-01 -2.699136349222134093e-02
5.791272465168428862e-01 6.581092378121482234e-02 -2.743663358911205274e-01 -2.913988696861290889e-02
5.813957092518252656e-01 6.598613193135782762e-02 -2.745440628651533155e-01 -3.567072535918953263e-02
5.836247651450102714e-01 6.615685596793192957e-02 -2.583918188408388938e-01 -3.649373103428465298e-02
5.858145983079108277e-01 6.632309768012008278e-02 -2.460647734684164867e-01 -3.688524522339174661e-02
5.879653496979070360e-01 6.648485178622179359e-02 -2.355137285031531080e-01 -3.712697871437919267e-02
5.900771334329782958e-01 6.664210901336238557e-02 -2.260729841300790910e-01 -3.728955926044291713e-02
5.921500426928699712e-01 6.679485714483679448e-02 -2.174181211889520959e-01 -3.740232873596099905e-02
5.941841531759448625e-01 6.694308161369408317e-02 -2.093599179864039928e-01 -3.748042176753513255e-02
5.961795254154018675e-01 6.708676588762217674e-02 -2.017757024372877073e-01 -3.753269070241198324e-02
5.981362064451697380e-01 6.722589173733831136e-02 -1.945801399833300971e-01 -3.756476184073168079e-02
6.000542310552947622e-01 6.736043943217939756e-02 -1.877107881799978117e-01 -3.758042886886613781e-02
6.019336227658287353e-01 6.749038788677882983e-02 -1.811201759867059058e-01 -3.758236528192678699e-02
6.037743945994364925e-01 6.761571477297992350e-02 -1.747711177311901953e-01 -3.757252055219308801e-02
6.055765497025118460e-01 6.773639660616716240e-02 -1.686337737436371109e-01 -3.755235512147980098e-02
6.073400818497524112e-01 6.785240881203991048e-02 -1.626837187819298869e-01 -3.752298712194854918e-02
6.090649758560856553e-01 6.796372577806329696e-02 -1.569006236082068073e-01 -3.748528789002786993e-02
6.107512079135547500e-01 6.807032089268608144e-02 -1.512673262000507890e-01 -3.743994634098975205e-02
6.123987458662755179e-01 6.817216657452929152e-02 -1.457691597300123099e-01 -3.738751364672968786e-02
6.140075494332678518e-01 6.826923429325411352e-02 -1.403934550616464938e-01 -3.732843503105717081e-02
6.155775703869723614e-01 6.836149458339287055e-02 -1.351291650514948040e-01 -3.726307289357712327e-02
6.171087526933630718e-01 6.844891705215100375e-02 -1.299665758540738958e-01 -3.719172394892351907e-02
6.186010326183986052e-01 6.853147038195378515e-02 -1.248970816445569981e-01 -3.711463214396033133e-02
6.200543388047827786e-01 6.860912232835612856e-02 -1.199130064050025063e-01 -3.703199853796697999e-02
6.214685923219176455e-01 6.868183971380914521e-02 -1.150074612010448943e-01 -3.694398895999845972e-02
6.228437066915535336e-01 6.874958841767678241e-02 -1.101742286090425932e-01 -3.685074001380318764e-02
6.241795878913586337e-01 6.881233336278998192e-02 -1.054076681843880980e-01 -3.675236383691059261e-02
6.254761343376515903e-01 6.887003849880837802e-02 -1.007026384291551946e-01 -3.664895190834629307e-02
6.267332368489572092e-01 6.892266678256474266e-02 -9.605443183679365782e-02 -3.654057812131279032e-02
6.279507785912091800e-01 6.897018015553436909e-02 -9.145872040337746367e-02 -3.642730128183505750e-02
6.291286350054819954e-01 6.901253951853929258e-02 -8.691150959155238831e-02 -3.630916715465398042e-02
6.302666737188955537e-01 6.904970470376738112e-02 -8.240909917747958613e-02 -3.618621014871824249e-02
6.313647544390962318e-01 6.908163444414294752e-02 -7.794804974548023846e-02 -3.605845471332067703e-02
6.324227288325802165e-01 6.910828634007364080e-02 -7.352515384957009070e-02 -3.592591650003954667e-02
6.334404403872075928e-01 6.912961682357464388e-02 -6.913741105673160137e-02 -3.578860333367948204e-02
6.344177242586840348e-01 6.914558111973796717e-02 -6.478200623851598783e-02 -3.564651602631232347e-02
6.353544071011952843e-01 6.915613320550746679e-02 -6.045629059626624058e-02 -3.549964906152835303e-02
6.362503068818360363e-01 6.916122576571367975e-02 -5.615776499893179036e-02 -3.534799117060481721e-02
6.371052326786857956e-01 6.916081014625441448e-02 -5.188406528682874830e-02 -3.519152581807327707e-02
6.379189844620904992e-01 6.915483630436497497e-02 -4.763294925423684073e-02 -3.503023161084953957e-02
6.386913528587053746e-01 6.914325275583485531e-02 -4.340228507167216004e-02 -3.486408264245757088e-02
6.394221188977350367e-01 6.912600651904944604e-02 -3.919004094755478007e-02 -3.469304878178079699e-02
6.401110537386847099e-01 6.910304305571016159e-02 -3.499427586062713036e-02 -3.451709591408334138e-02
6.407579183799347877e-01 6.907430620805479760e-02 -3.081313122047241171e-02 -3.433618614068775082e-02
6.413624633471700642e-01 6.903973813240095458e-02 -2.664482333483681950e-02 -3.415027794257906313e-02
6.419244283607878909e-01 6.899927922879517395e-02 -2.248763658016268013e-02 -3.395932631229652693e-02
6.424435419811438397e-01 6.895286806654229994e-02 -1.833991718644549171e-02 -3.376328285772974697e-02
6.429195212304760210e-01 6.890044130535807887e-02 -1.420006755979708914e-02 -3.356209588080750345e-02
6.433520711901437039e-01 6.884193361187160298e-02 -1.006654107638576059e-02 -3.335571043355089332e-02
6.437408845717438322e-01 6.877727757116323948e-02 -5.937837290061471866e-03 -3.314406835352214087e-02
6.440856412604876180e-01 6.870640359301054267e-02 -1.812497503263979905e-03 -3.292710828033153236e-02
6.443860078290685189e-01 6.862923981247186223e-02 2.310899343033363806e-03 -3.270476565454184109e-02
6.446416370200468426e-01 6.854571198440498336e-02 6.433740499375159572e-03 -3.247697270003790243e-02
6.448521671947000655e-01 6.845574337148292721e-02 1.055738299248057052e-02 -3.224365839068178002e-02
6.450172217459062551e-01 6.835925462521962037e-02 1.468315699536205075e-02 -3.200474840187077924e-02
6.451364084725731418e-01 6.825616365948392050e-02 1.881236901058024047e-02 -3.176016504740827168e-02
6.452093189127596773e-01 6.814638551591749305e-02 2.294630489161164980e-02 -3.150982720193638148e-02
6.452355276324251987e-01 6.802983222062049251e-02 2.708623272502996143e-02 -3.125365020900743723e-02
6.452145914663930393e-01 6.790641263140904937e-02 3.123340559428524135e-02 -3.099154577472305883e-02
6.451460487078318762e-01 6.777603227487309645e-02 3.538906424427312736e-02 -3.072342184671756141e-02
6.450294182421336675e-01 6.763859317239151459e-02 3.955443966457068694e-02 -3.044918247812255022e-02
6.448641986206676835e-01 6.749399365416788865e-02 4.373075560815239265e-02 -3.016872767599991165e-02
6.446498670694530420e-01 6.734212816026503845e-02 4.791923106157130324e-02 -2.988195323358781158e-02
6.443858784272510354e-01 6.718288702749095065e-02 5.212108268196383870e-02 -2.958875054555017842e-02
6.440716640069633625e-01 6.701615626088647248e-02 5.633752721580914669e-02 -2.928900640526076876e-02
6.437066303736544981e-01 6.684181728841594172e-02 6.056978391414240964e-02 -2.898260278298487105e-02
6.432901580317239576e-01 6.665974669731004887e-02 6.481907695885825993e-02 -2.866941658363696827e-02
6.428216000129172158e-01 6.646981595034077983e-02 6.908663791487100470e-02 -2.834931938259474885e-02
6.423002803560124985e-01 6.627189108010587970e-02 7.337370822320897490e-02 -2.802217713783234851e-02
6.417254924678797989e-01 6.606583235918574160e-02 7.768154175061034450e-02 -2.768784987638957945e-02
6.410964973544526213e-01 6.585149394377165510e-02 8.201140741190483807e-02 -2.734619135292919861e-02
6.404125217088375566e-01 6.562872348808643230e-02 8.636459188236281226e-02 -2.699704867782377893e-02
6.396727558421232418e-01 6.539736172657674429e-02 9.074240241835747345e-02 -2.664026191187825882e-02
6.388763514408541955e-01 6.515724202049948122e-02 9.514616980608993357e-02 -2.627566362439891917e-02
6.380224191329327832e-01 6.490818986506415034e-02 9.957725145983424564e-02 -2.590307841088106827e-02
6.371100258415519635e-01 6.465002235282168996e-02 1.040370346931867029e-01 -2.552232236607682864e-02
6.361381919039493793e-01 6.438254758839914715e-02 1.085269401892249991e-01 -2.513320250762570915e-02
6.351058879288443704e-01 6.410556404902401084e-02 1.130484256983286945e-01 -2.473551614475438115e-02
6.340120313626605997e-01 6.381885988449927105e-02 1.176029899957662939e-01 -2.432905018577715892e-02
6.328554827306726027e-01 6.352221214941057570e-02 1.221921771351218988e-01 -2.391358037722274982e-02
6.316350415142959474e-01 6.321538595927836401e-02 1.268175810382768942e-01 -2.348887046636093101e-02
6.303494416200480233e-01 6.289813356115338261e-02 1.314808504681596046e-01 -2.305467127766593072e-02
6.289973463892153394e-01 6.257019330769926502e-02 1.361836944369506919e-01 -2.261071969230735168e-02
6.275773430893569760e-01 6.223128852210203787e-02 1.409278881100876069e-01 -2.215673751804519975e-02
6.260879368196053951e-01 6.188112623913802346e-02 1.457152792755085080e-01 -2.169243023488721944e-02
6.245275437508563954e-01 6.151939580530112889e-02 1.505477954584004963e-01 -2.121748559945101087e-02
6.228944836087465520e-01 6.114576731804050036e-02 1.554274517745846962e-01 -2.073157208810522123e-02
6.211869712920411457e-01 6.075988988070499253e-02 1.603563596312070905e-01 -2.023433715551312129e-02
6.194031075001377173e-01 6.036138964563880077e-02 1.653367364019538988e-01 -1.972540528104249971e-02
6.175408682207556010e-01 5.994986761283027654e-02 1.703709162265653054e-01 -1.920437577047054076e-02
6.155980929018001202e-01 5.952489714540051130e-02 1.754613621117346034e-01 -1.867082027428789912e-02
6.135724710975168916e-01 5.908602115570889268e-02 1.806106795438791879e-01 -1.812427997639332045e-02
6.114615273383826599e-01 5.863274890661040323e-02 1.858216318651685073e-01 -1.756426239773627856e-02
6.092626039232593715e-01 5.816455236096521736e-02 1.910971577148976863e-01 -1.699023774801346892e-02
6.069728412696847597e-01 5.768086199821784860e-02 1.964403909010105087e-01 -1.640163474425898951e-02
6.045891553793513173e-01 5.718106199896284131e-02 2.018546831453028045e-01 -1.579783579724845094e-02
6.021082118766796221e-01 5.666448467574655701e-02 2.073436302447921875e-01 -1.517817144398556951e-02
5.995263959529697484e-01 5.613040399950006837e-02 2.129111023174065087e-01 -1.454191387566461033e-02
5.968397773874297707e-01 5.557802803388019880e-02 2.185612789609948925e-01 -1.388826937340545062e-02
5.940440696089571704e-01 5.500649004171961204e-02 2.242986903621551897e-01 -1.321636941595985028e-02
5.911345814923075759e-01 5.441483796480998253e-02 2.301282656617137101e-01 -1.252526016062367915e-02
5.881061602260830856e-01 5.380202189500316728e-02 2.360553902395197134e-01 -1.181388991534128990e-02
5.849531231170748136e-01 5.316687904327271896e-02 2.420859740543762073e-01 -1.108109410865406978e-02
5.816691755583507373e-01 5.250811556273708713e-02 2.482265338118765929e-01 -1.032557711348693931e-02
5.782473115200820191e-01 5.182428437505878782e-02 2.544842926012235163e-01 -9.545890074192700178e-03
5.746796917220169387e-01 5.111375786234378243e-02 2.608673018422498213e-01 -8.740403598982477221e-03
5.709574929617459160e-01 5.037469388085522720e-02 2.673845920684878030e-01 -7.907273774040872449e-03
5.670707196684318108e-01 4.960499296963760685e-02 2.740463614763665734e-01 -7.044399372422138934e-03
5.630079652561174042e-01 4.880224377300910327e-02 2.808642146664929728e-01 -6.149367276686558415e-03
5.587561056614936961e-01 4.796365241830421317e-02 2.878514691915347035e-01 -5.219381856623642180e-03
5.542998995707260068e-01 4.708594963355323959e-02 2.950235554058320830e-01 -4.251172086752423064e-03
5.496214575552443860e-01 4.616526631246017226e-02 3.023985473959880932e-01 -3.240867110925334162e-03
5.446995226158284353e-01 4.519696324571464280e-02 3.099978824922318132e-01 -2.183825973040362176e-03
5.395084718880498453e-01 4.417539236697742150e-02 3.178473596061714979e-01 -1.074398862152021062e-03
5.340168927178751135e-01 4.309355224030120279e-02 3.259785631840753095e-01 9.441740131877556191e-05
5.281854841006248247e-01 4.194257374443474684e-02 3.344309617799636203e-01 1.331493682917515072e-03
5.219638393150398681e-01 4.071092006203227281e-02 3.432551254130933871e-01 2.648368547150289822e-03
5.152852674135003364e-01 3.938307758180750739e-02 3.525179040428252919e-01 4.060557358306658010e-03
5.080579289966689061e-01 3.793727166860069722e-02 3.623112917240420838e-01 5.589836514438779706e-03
5.001483883935565755e-01 3.634113026944228719e-02 3.727688743081785105e-01 7.268579846962526861e-03
4.913475112095118114e-01 3.454243585181882015e-02 3.840999317034711757e-01 9.149006690618015358e-03
4.812871089100511091e-01 3.244567192087374763e-02 3.966727929774647166e-01 1.132663537878430063e-02
4.691707598237622734e-01 2.983208605183903031e-02 4.112840148234528925e-01 1.402022023233676952e-02
4.520665416931082259e-01 2.579004608652472885e-02 4.308656479467858902e-01 1.814139540611069135e-02
4.627576345199737040e-01 2.209795680463266104e-02 4.226346298567649762e-01 2.191175842938521134e-02
4.797833153293447062e-01 2.362286777833568982e-02 4.080517729181841746e-01 2.046426330028755861e-02
4.935308569862729144e-01 2.502094840605818132e-02 3.967298738662048962e-01 1.914274518981249132e-02
5.055914612381804396e-01 2.631937767540723158e-02 3.870777941362870123e-01 1.792003003592489846e-02
5.165458031242201598e-01 2.754038599034994150e-02 3.785149177174276791e-01 1.677389257967802985e-02
5.266898665500453491e-01 2.869874045081206165e-02 3.707453165629940872e-01 1.568957102214392149e-02
5.362007519353666485e-01 2.980468420204768903e-02 3.635919435440617131e-01 1.465682763540251086e-02
5.451952253742071708e-01 3.086566887014982954e-02 3.569380837008466756e-01 1.366821629925663029e-02
5.537555001820830824e-01 3.188733148332802136e-02 3.507015729987371100e-01 1.271810555915994963e-02
5.619422842798411644e-01 3.287407191167546205e-02 3.448217511782855071e-01 1.180210117021440915e-02
5.698020566608860138e-01 3.382941227765450670e-02 3.392521854742869269e-01 1.091668667358680969e-02
5.773714290150765427e-01 3.475623108937359734e-02 3.339563091432650732e-01 1.005898925242620923e-02
5.846799104686911663e-01 3.565692178359986669e-02 3.289046568498874001e-01 9.226621179774206760e-03
5.917517401906770003e-01 3.653350366066816790e-02 3.240730321668515157e-01 8.417568875925067126e-03
5.986071474119136759e-01 3.738770170578759738e-02 3.194412476464941752e-01 7.630113080447829821e-03
6.052632446290712176e-01 3.822100541811702251e-02 3.149922316951023205e-01 6.862770017315353820e-03
6.117346773918656000e-01 3.903471307980332927e-02 3.107113788537518850e-01 6.114247120774666047e-03
6.180341076432073200e-01 3.982996567998588200e-02 3.065860665177708166e-01 5.383409106853485719e-03
6.241725802631651332e-01 4.060777333119169191e-02 3.026052884452958835e-01 4.669251552976752193e-03
6.301598057897762617e-01 4.136903613420882947e-02 2.987593720830293842e-01 3.970880029539988927e-03
6.360043817774714281e-01 4.211456086874269117e-02 2.950397572492444165e-01 3.287493406068737068e-03
6.417139684395508636e-01 4.284507449814985852e-02 2.914388205283688915e-01 2.618370343622175057e-03
6.472954296933133289e-01 4.356123520956019929e-02 2.879497342591192943e-01 1.962858252095297813e-03
6.527549476509438842e-01 4.426364152396856239e-02 2.845663520735539076e-01 1.320364177798663032e-03
6.580981164683480378e-01 4.495283987805828718e-02 2.812831150752724829e-01 6.903472195275167254e-04
6.633300199613739734e-01 4.562933098355410888e-02 2.780949742476965247e-01 7.231216730030980383e-05
6.684552963216662258e-01 4.629357519957248701e-02 2.749973257604135801e-01 -5.341958717271537904e-04
6.734781924809812859e-01 4.694599710124534864e-02 2.719859566251026095e-01 -1.129596043458474088e-03
6.784026100951415783e-01 4.758698938865844885e-02 2.690569987300392985e-01 -1.714275657227906993e-03
6.832321446876554738e-01 4.821691625036419321e-02 2.662068897132975898e-01 -2.288593550614889845e-03
6.879701191676390604e-01 4.883611627286203738e-02 2.634323394602576252e-01 -2.852883000106509921e-03
6.926196126882890880e-01 4.944490496971659654e-02 2.607303012592159241e-01 -3.407454251297863893e-03
6.971834856209604414e-01 5.004357699016929312e-02 2.580979468403243882e-01 -3.952596728476097214e-03
7.016644012710235856e-01 5.063240805614672990e-02 2.555326446716467137e-01 -4.488580972522781751e-03
7.060648448451323222e-01 5.121165666794789267e-02 2.530319410028358251e-01 -5.015660347404772394e-03
7.103871400875144682e-01 5.178156561192946705e-02 2.505935432390221096e-01 -5.534072548593044379e-03
7.146334639291819224e-01 5.234236329795301235e-02 2.482153053008296917e-01 -6.044040941167137804e-03
7.188058594356044884e-01 5.289426494980947052e-02 2.458952146854428977e-01 -6.545775750838398604e-03
7.229062472903964309e-01 5.343747366816906791e-02 2.436313809908189076e-01 -7.039475127437611578e-03
7.269364360144862092e-01 5.397218138257296738e-02 2.414220257039282891e-01 -7.525326097386202985e-03
7.308981310884401505e-01 5.449856970648359750e-02 2.392654730852825096e-01 -8.003505419176742963e-03
7.347929431199229366e-01 5.501681070734851936e-02 2.371601420078476019e-01 -8.474180353823055484e-03
7.386223951767308948e-01 5.552706760192167162e-02 2.351045386298379058e-01 -8.937509360516049037e-03
7.423879293885378150e-01 5.602949538562657095e-02 2.330972497985190905e-01 -9.393642726286835151e-03
7.460909129051939148e-01 5.652424140355295085e-02 2.311369370969904025e-01 -9.842723137263989508e-03
7.497326432874704683e-01 5.701144586965677802e-02 2.292223314581909865e-01 -1.028488619809561980e-02
7.533143533955686255e-01 5.749124233985813265e-02 2.273522282808209949e-01 -1.072026090524039015e-02
7.568372158319844889e-01 5.796375814401299315e-02 2.255254829906153946e-01 -1.114897007909739987e-02
7.603023469878665841e-01 5.842911478109284740e-02 2.237410069978459926e-01 -1.157113075931845945e-02
7.637108107356876951e-01 5.888742828138039676e-02 2.219977640082592130e-01 -1.198685456710816069e-02
7.670636218056625655e-01 5.933880953902356120e-02 2.202947666500381096e-01 -1.239624803785763056e-02
7.703617488787026790e-01 5.978336461789496292e-02 2.186310733840184928e-01 -1.279941292705820931e-02
7.736061174246974259e-01 6.022119503335361668e-02 2.170057856683592079e-01 -1.319644649210014072e-02
7.767976123115981624e-01 6.065239801222221949e-02 2.154180453522782090e-01 -1.358744175226143068e-02
7.799370802076034392e-01 6.107706673301838834e-02 2.138670322764534004e-01 -1.397248772893444971e-02
7.830253317964314119e-01 6.149529054826208957e-02 2.123519620602281055e-01 -1.435166966791030958e-02
7.860631438232393853e-01 6.190715519048325260e-02 2.108720840580100009e-01 -1.472506924534706940e-02
7.890512609868883809e-01 6.231274296337758339e-02 2.094266794692022926e-01 -1.509276475887015058e-02
7.919903976925096734e-01 6.271213291941063472e-02 2.080150595876920916e-01 -1.545483130510635038e-02
7.948812396768879518e-01 6.310540102503203741e-02 2.066365641784226048e-01 -1.581134094481550026e-02
7.977244455178230664e-01 6.349262031454873390e-02 2.052905599698806038e-01 -1.616236285666751080e-02
8.005206480374896794e-01 6.387386103359804501e-02 2.039764392524938963e-01 -1.650796348060869917e-02
8.032704556087895131e-01 6.424919077307091053e-02 2.026936185739283136e-01 -1.684820665166683953e-02
8.059744533728451232e-01 6.461867459425510440e-02 2.014415375231941863e-01 -1.718315372496538943e-02
8.086332043748705178e-01 6.498237514588810215e-02 2.002196575962575942e-01 -1.751286369263991075e-02
8.112472506250927307e-01 6.534035277375807582e-02 1.990274611365636936e-01 -1.783739329329041973e-02
8.138171140906471646e-01 6.569266562341426197e-02 1.978644503445020075e-01 -1.815679711453958151e-02
8.163432976238821359e-01 6.603936973651607090e-02 1.967301463504091130e-01 -1.847112768921865128e-02
8.188262858318238191e-01 6.638051914126939790e-02 1.956240883463661873e-01 -1.878043558563562143e-02
8.212665458920377359e-01 6.671616593748040669e-02 1.945458327715204050e-01 -1.908476949245276055e-02
8.236645283173736898e-01 6.704636037642563995e-02 1.934949525485037958e-01 -1.938417629837671172e-02
8.260206676748955701e-01 6.737115093609480354e-02 1.924710363656111090e-01 -1.967870116721466903e-02
8.283353832615598655e-01 6.769058439203690103e-02 1.914736880021858934e-01 -1.996838760852935948e-02
8.306090797399059422e-01 6.800470588413262685e-02 1.905025256939673894e-01 -2.025327754421523893e-02
8.328421477365599568e-01 6.831355897956860324e-02 1.895571815355754086e-01 -2.053341137127348906e-02
8.350349644061700882e-01 6.861718573226920082e-02 1.886373009175459081e-01 -2.080882802104021961e-02
8.371878939631224315e-01 6.891562673902038028e-02 1.877425419955522090e-01 -2.107956501510331940e-02
8.393012881832213612e-01 6.920892119249968943e-02 1.868725751896291032e-01 -2.134565851812320059e-02
8.413754868773478668e-01 6.949710693141276929e-02 1.860270827114038072e-01 -2.160714338775645074e-02
8.434108183389328328e-01 6.978022048791787668e-02 1.852057581174874068e-01 -2.186405322186625935e-02
8.454075997669341369e-01 7.005829713250939783e-02 1.844083058873363101e-01 -2.211642040318860872e-02
8.473661376658988553e-01 7.033137091651481265e-02 1.836344410240129954e-01 -2.236427614161136043e-02
8.492867282245480931e-01 7.059947471235163141e-02 1.828838886764090899e-01 -2.260765051421090993e-02
8.511696576742239229e-01 7.086264025167644809e-02 1.821563837815904086e-01 -2.284657250318055874e-02
8.530152026284230082e-01 7.112089816155221789e-02 1.814516707260354911e-01 -2.308107003177494940e-02
8.548236304045793155e-01 7.137427799874665468e-02 1.807695030246211920e-01 -2.331116999838606096e-02
8.565951993291330835e-01 7.162280828227010621e-02 1.801096430163010020e-01 -2.353689830885773854e-02
8.583301590268842540e-01 7.186651652425263270e-02 1.794718615754939128e-01 -2.375827990713796911e-02
8.600287506955369699e-01 7.210542925924934288e-02 1.788559378382736931e-01 -2.397533880436168024e-02
8.616912073662728044e-01 7.233957207206463680e-02 1.782616589425126130e-01 -2.418809810644969097e-02
8.633177541511561914e-01 7.256896962417090646e-02 1.776888197811961889e-01 -2.439658004030416036e-02
8.649086084780851502e-01 7.279364567879775816e-02 1.771372227681773104e-01 -2.460080597867467939e-02
8.664639803139816410e-01 7.301362312476275540e-02 1.766066776156889062e-01 -2.480079646376498123e-02
8.679840723768457167e-01 7.322892399910388428e-02 1.760970011229857080e-01 -2.499657122964420164e-02
8.694690803372688848e-01 7.343956950857902233e-02 1.756080169755205866e-01 -2.518814922352420951e-02
8.709191930099582368e-01 7.364558005008535468e-02 1.751395555541103988e-01 -2.537554862595811991e-02
8.723345925357788300e-01 7.384697523005194497e-02 1.746914537535750878e-01 -2.555878687001374855e-02
8.737154545548007079e-01 7.404377388285524053e-02 1.742635548103715903e-01 -2.573788065947025042e-02
8.750619483707917645e-01 7.423599408830260094e-02 1.738557081387799019e-01 -2.591284598608449910e-02
8.763742371075755599e-01 7.442365318822681541e-02 1.734677691752165019e-01 -2.608369814596988093e-02
8.776524778576539898e-01 7.460676780223210458e-02 1.730995992302918896e-01 -2.625045175512735057e-02
8.788968218234400887e-01 7.478535384262802177e-02 1.727510653482448033e-01 -2.641312076416687041e-02
8.801074144514605679e-01 7.495942652858723909e-02 1.724220401734103125e-01 -2.657171847225348049e-02
8.812843955598448353e-01 7.512900039955923426e-02 1.721124018234072017e-01 -2.672625754031151060e-02
8.824278994593803827e-01 7.529408932797047871e-02 1.718220337687434984e-01 -2.687675000351706991e-02
8.835380550684454048e-01 7.545470653124021487e-02 1.715508247185602020e-01 -2.702320728310768014e-02
8.846149860220478001e-01 7.561086458313841241e-02 1.712986685122578068e-01 -2.716564019753580847e-02
8.856588107752411121e-01 7.576257542450945404e-02 1.710654640167530993e-01 -2.730405897299100978e-02
8.866696427011238058e-01 7.590985037338686403e-02 1.708511150291464886e-01 -2.743847325331421130e-02
8.876475901836566873e-01 7.605270013452002098e-02 1.706555301845797956e-01 -2.756889210932620890e-02
8.885927567054732190e-01 7.619113480833170082e-02 1.704786228690869931e-01 -2.769532404758992886e-02
8.895052409309059938e-01 7.632516389932819667e-02 1.703203111372552092e-01 -2.781777701862598109e-02
8.903851367843523823e-01 7.645479632397655934e-02 1.701805176345156101e-01 -2.793625842459887890e-02
8.912325335241995106e-01 7.658004041806672213e-02 1.700591695239040135e-01 -2.805077512648995047e-02
8.920475158124118176e-01 7.670090394357427510e-02 1.699561984171429896e-01 -2.816133345077274919e-02
8.928301637799548329e-01 7.681739409503592075e-02 1.698715403098982057e-01 -2.826793919560427124e-02
8.935805530881634207e-01 7.692951750545207190e-02 1.698051355210835889e-01 -2.837059763654533120e-02
8.942987549861950436e-01 7.703728025172859595e-02 1.697569286360887109e-01 -2.846931353182181879e-02
8.949848363646730753e-01 7.714068785966711472e-02 1.697268684538165984e-01 -2.856409112713787987e-02
8.956388598056228556e-01 7.723974530851533682e-02 1.697149079374314917e-01 -2.865493416005115979e-02
8.962608836287954128e-01 7.733445703508536051e-02 1.697210041687124138e-01 -2.874184586391842142e-02
8.968509619344824380e-01 7.742482693744943967e-02 1.697451183059288105e-01 -2.882482897142116945e-02
8.974091446428829055e-01 7.751085837821905522e-02 1.697872155451567999e-01 -2.890388571767699144e-02
8.979354775301131575e-01 7.759255418741485555e-02 1.698472650849593979e-01 -2.897901784294441146e-02
8.984300022609147396e-01 7.766991666493333613e-02 1.699252400943644936e-01 -2.905022659492643988e-02
8.988927564181343755e-01 7.774294758261396376e-02 1.700211176840794869e-01 -2.911751273067827994e-02
8.993237735290157131e-01 7.781164818591261578e-02 1.701348788808886014e-01 -2.918087651812253935e-02
8.997230830883645725e-01 7.787601919518385984e-02 1.702665086051829979e-01 -2.924031773717649871e-02
9.000907105786173368e-01 7.793606080657508595e-02 1.704159956515844121e-01 -2.929583568049362943e-02
9.004266774868647794e-01 7.799177269253454448e-02 1.705833326726209909e-01 -2.934742915382150888e-02
9.007310013188443154e-01 7.804315400193453933e-02 1.707685161654320105e-01 -2.939509647597745093e-02
9.010036956099344296e-01 7.809020335981069205e-02 1.709715464614675051e-01 -2.943883547844292070e-02
9.012447699331773698e-01 7.813291886671694386e-02 1.711924277191722021e-01 -2.947864350457592153e-02
9.014542299043241114e-01 7.817129809769617077e-02 1.714311679196338922e-01 -2.951451740844166990e-02
9.016320771839370085e-01 7.820533810086439941e-02 1.716877788651912928e-01 -2.954645355325885916e-02
9.017783094765217111e-01 7.823503539560647257e-02 1.719622761809954103e-01 -2.957444780946077989e-02
9.018929205267165461e-01 7.826038597038036115e-02 1.722546793195303960e-01 -2.959849555236744936e-02
9.019759001125077225e-01 7.828138528012784647e-02 1.725650115680990027e-01 -2.961859165946535005e-02
9.020272340354702489e-01 7.829802824328446764e-02 1.728933000592891012e-01 -2.963473050729115155e-02
9.020469041080090289e-01 7.831030923838790125e-02 1.732395757844354123e-01 -2.964690596791343113e-02
9.020348881375789274e-01 7.831822210027425402e-02 1.736038736101060964e-01 -2.965511140500768153e-02
9.019911599078491715e-01 7.832176011586025610e-02 1.739862322976427067e-01 -2.965933966951711867e-02
9.019156891567872147e-01 7.832091601949969784e-02 1.743866945257878109e-01 -2.965958309489246866e-02
9.018084415515981167e-01 7.831568198791021007e-02 1.748053069164441087e-01 -2.965583349190277149e-02
9.016693786604981220e-01 7.830604963465907786e-02 1.752421200636123944e-01 -2.964808214300744885e-02
9.014984579212463878e-01 7.829201000419724887e-02 1.756971885655627119e-01 -2.963631979628070928e-02
9.012956326063854551e-01 7.827355356543337639e-02 1.761705710602989028e-01 -2.962053665887687953e-02
9.010608517851212973e-01 7.825067020483490732e-02 1.766623302643851867e-01 -2.960072239002495970e-02
9.007940602817647857e-01 7.822334921904305904e-02 1.771725330152061906e-01 -2.957686609354015853e-02
9.004951986306555245e-01 7.819157930698911185e-02 1.777012503167451907e-01 -2.954895630983830901e-02
9.001642030274866757e-01 7.815534856149537746e-02 1.782485573889656116e-01 -2.951698100743833930e-02
8.998010052769160882e-01 7.811464446034818709e-02 1.788145337208945085e-01 -2.948092757393689159e-02
8.994055327363750241e-01 7.806945385682201310e-02 1.793992631275128924e-01 -2.944078280643832105e-02
8.989777082559626820e-01 7.801976296963915314e-02 1.800028338105640890e-01 -2.939653290142111089e-02
8.985174501142831893e-01 7.796555737234379946e-02 1.806253384234038084e-01 -2.934816344402153832e-02
8.980246719501212560e-01 7.790682198207020404e-02 1.812668741400217942e-01 -2.929565939671316052e-02
8.974992826897928433e-01 7.784354104768279048e-02 1.819275427283779945e-01 -2.923900508735973944e-02
8.969411864700345127e-01 7.777569813726238623e-02 1.826074506282036047e-01 -2.917818419661752025e-02
8.963502825562549292e-01 7.770327612491485791e-02 1.833067090334306037e-01 -2.911317974466101979e-02
8.957264652559848717e-01 7.762625717687424154e-02 1.840254339794236138e-01 -2.904397407720478094e-02
8.950696238273322392e-01 7.754462273686903162e-02 1.847637464352021031e-01 -2.897054885079201891e-02
8.943796423822445441e-01 7.745835351072401231e-02 1.855217724008514923e-01 -2.889288501731852171e-02
8.936563997843585128e-01 7.736742945016111817e-02 1.862996430103376067e-01 -2.881096280775834878e-02
8.928997695412221880e-01 7.727182973576433855e-02 1.870974946399560079e-01 -2.872476171505582154e-02
8.921096196906214137e-01 7.717153275907194521e-02 1.879154690226574886e-01 -2.863426047614555867e-02
8.912858126807736703e-01 7.706651610375396533e-02 1.887537133685125990e-01 -2.853943705306006065e-02
8.904282052440852802e-01 7.695675652583150450e-02 1.896123804915987865e-01 -2.844026861308114953e-02
8.895366482641894335e-01 7.684222993289355208e-02 1.904916289436039134e-01 -2.833673150788890149e-02
8.886109866359366283e-01 7.672291136225928287e-02 1.913916231544711133e-01 -2.822880125165916007e-02
8.876510591179925802e-01 7.659877495803361913e-02 1.923125335804272973e-01 -2.811645249805583974e-02
8.866566981776857759e-01 7.646979394700219312e-02 1.932545368597574087e-01 -2.799965901606226923e-02
8.856277298276941101e-01 7.633594061330055414e-02 1.942178159767224965e-01 -2.787839366459040139e-02
8.845639734541745902e-01 7.619718627179790371e-02 1.952025604340384968e-01 -2.775262836580410022e-02
8.834652416358650395e-01 7.605350124012243140e-02 1.962089664343658890e-01 -2.762233407708664101e-02
8.823313399536819590e-01 7.590485480925693307e-02 1.972372370712912881e-01 -2.748748076157840961e-02
8.811620667903059534e-01 7.575121521262401236e-02 1.982875825303211936e-01 -2.734803735720612097e-02
8.799572131191795155e-01 7.559254959357585013e-02 1.993602203004352091e-01 -2.720397174411766025e-02
8.787165622823509548e-01 7.542882397119844706e-02 2.004553753967988072e-01 -2.705525071043193147e-02
8.774398897564973376e-01 7.526000320433165469e-02 2.015732805952729079e-01 -2.690183991620586842e-02
8.761269629064570852e-01 7.508605095370037008e-02 2.027141766794010869e-01 -2.674370385551301868e-02
8.747775407255344859e-01 7.490692964204392901e-02 2.038783127006174034e-01 -2.658080581652159935e-02
8.733913735617728769e-01 7.472260041212253068e-02 2.050659462524618004e-01 -2.641310783944979951e-02
8.719682028293518350e-01 7.453302308246978480e-02 2.062773437596611970e-01 -2.624057067226844009e-02
8.705077607041793453e-01 7.433815610075153457e-02 2.075127807829907911e-01 -2.606315372400948988e-02
8.690097698027040574e-01 7.413795649457860515e-02 2.087725423409088066e-01 -2.588081501552983929e-02
8.674739428428573929e-01 7.393237981960981697e-02 2.100569232490333005e-01 -2.569351112756552979e-02
8.658999822859759776e-01 7.372138010477054249e-02 2.113662284786133883e-01 -2.550119714590103059e-02
8.642875799584711638e-01 7.350490979439308625e-02 2.127007735352453022e-01 -2.530382660346176121e-02
8.626364166518758481e-01 7.328291968707571769e-02 2.140608848591792901e-01 -2.510135141912427093e-02
8.609461616998087541e-01 7.305535887103502268e-02 2.154469002486814888e-01 -2.489372183302000080e-02
8.592164725302868789e-01 7.282217465570949011e-02 2.168591693080310912e-01 -2.468088633809083915e-02
8.574469941916458282e-01 7.258331249935411067e-02 2.182980539218722094e-01 -2.446279160763390956e-02
8.556373588502185212e-01 7.233871593233760777e-02 2.197639287577856926e-01 -2.423938241855026071e-02
8.537871852577328946e-01 7.208832647583494901e-02 2.212571817991091927e-01 -2.401060156998734846e-02
8.518960781862207066e-01 7.183208355557746394e-02 2.227782149102091047e-01 -2.377638979703835045e-02
8.499636278280364721e-01 7.156992441029154384e-02 2.243274444366122056e-01 -2.353668567913037857e-02
8.479894091583589644e-01 7.130178399442849146e-02 2.259053018426173121e-01 -2.329142554270129117e-02
8.459729812573063557e-01 7.102759487474366584e-02 2.275122343892531096e-01 -2.304054335772685869e-02
8.439138865883706320e-01 7.074728712022693156e-02 2.291487058558772938e-01 -2.278397062759539987e-02
8.418116502305579285e-01 7.046078818497732155e-02 2.308151973080226904e-01 -2.252163627192799861e-02
8.396657790588395454e-01 7.016802278321013220e-02 2.325122079168809863e-01 -2.225346650152780145e-02
8.374757608704275214e-01 6.986891275600516649e-02 2.342402558329363949e-01 -2.197938468506802079e-02
8.352410634515002874e-01 6.956337692898066638e-02 2.359998791190763001e-01 -2.169931120670652927e-02
8.329611335795463756e-01 6.925133096015809175e-02 2.377916367480190085e-01 -2.141316331388868135e-02
8.306353959558546718e-01 6.893268717717918048e-02 2.396161096695685888e-01 -2.112085495449498099e-02
8.282632520620163419e-01 6.860735440293827536e-02 2.414739019537640863e-01 -2.082229660240792965e-02
8.258440789337646581e-01 6.827523776860769389e-02 2.433656420166467882e-01 -2.051739507046878089e-02
8.233772278446550574e-01 6.793623851292664162e-02 2.452919839361021870e-01 -2.020605330968756885e-02
8.208620228913520167e-01 6.759025376647308236e-02 2.472536088660270137e-01 -1.988817019344295972e-02
8.182977594713235492e-01 6.723717631953571305e-02 2.492512265580139053e-01 -1.956364028527063023e-02
8.156837026427030679e-01 6.687689437200933229e-02 2.512855770007765832e-01 -1.923235358867473113e-02
8.130190853548941998e-01 6.650929126357527088e-02 2.533574321887466785e-01 -1.889419527722076969e-02
8.103031065371875119e-01 6.613424518222114912e-02 2.554675980325629148e-01 -1.854904540296052964e-02
8.075349290310234185e-01 6.575162884890983772e-02 2.576169164257889888e-01 -1.819677858100456069e-02
8.047136773499613538e-01 6.536130917595420198e-02 2.598062674838821917e-01 -1.783726364779241944e-02
8.018384352491730871e-01 6.496314689633612971e-02 2.620365719734408239e-01 -1.747036329030374896e-02
7.989082430841925042e-01 6.455699616086360559e-02 2.643087939521293062e-01 -1.709593364310005997e-02
7.959220949358716268e-01 6.414270409965386333e-02 2.666239436422381259e-01 -1.671382384968544965e-02
7.928789354755069185e-01 6.372011034395864970e-02 2.689830805639529254e-01 -1.632387558420446069e-02
7.897776565404814875e-01 6.328904650381655950e-02 2.713873169579352207e-01 -1.592592252895771998e-02
7.866170933867485671e-01 6.284933559638029854e-02 2.738378215309100749e-01 -1.551978980258430021e-02
7.833960205796471898e-01 6.240079141904002202e-02 2.763358235627644266e-01 -1.510529333303304959e-02
7.801131474789019249e-01 6.194321786061222218e-02 2.788826174192516882e-01 -1.468223916858740936e-02
7.767671132671960521e-01 6.147640814285511290e-02 2.814795675209367798e-01 -1.425042271920873987e-02
7.733564814639252161e-01 6.100014398339972249e-02 2.841281138267516826e-01 -1.380962791928251956e-02
7.698797338566073512e-01 6.051419466978771866e-02 2.868297778996837799e-01 -1.335962630146132930e-02
7.663352637716266402e-01 6.001831603266211818e-02 2.895861696328255741e-01 -1.290017596964608028e-02
7.627213685931534259e-01 5.951224930418547165e-02 2.923989947270406176e-01 -1.243102045718223921e-02
7.590362414236202504e-01 5.899571984541641945e-02 2.952700630267670046e-01 -1.195188745399562019e-02
7.552779617606893980e-01 5.846843572353910279e-02 2.982012978390238267e-01 -1.146248738357164010e-02
7.514444850432120404e-01 5.793008611645025785e-02 3.011947463830870753e-01 -1.096251180726772086e-02
7.475336308917951422e-01 5.738033951805841804e-02 3.042525915451971819e-01 -1.045163162932286928e-02
7.435430698363443280e-01 5.681884171261712690e-02 3.073771651459077936e-01 -9.929495070876266649e-03
7.394703082825279106e-01 5.624521348022196165e-02 3.105709629680499240e-01 -9.395725375132380625e-03
7.353126714191762225e-01 5.565904798799114345e-02 3.138366618433309219e-01 -8.849918198177856091e-03
7.310672837065176344e-01 5.505990781195613942e-02 3.171771391575862742e-01 -8.291638630487525516e-03
7.267310465075749182e-01 5.444732152288332683e-02 3.205954952122904156e-01 -7.720417782324054748e-03
7.223006123275712564e-01 5.382077975432802974e-02 3.240950789774765806e-01 -7.135748851345204320e-03
7.177723550022450105e-01 5.317973065236455271e-02 3.276795178950381859e-01 -6.537082571843834920e-03
7.131423350178878184e-01 5.252357458227460002e-02 3.313527525495957859e-01 -5.923821920909001087e-03
7.084062589417436939e-01 5.185165793635861109e-02 3.351190772281755770e-01 -5.295315925661903990e-03
7.035594316758305711e-01 5.116326584650961184e-02 3.389831876555622903e-01 -4.650852375208126312e-03
6.985966998980372988e-01 5.045761355194425257e-02 3.429502375413210902e-01 -3.989649187691282281e-03
6.935123845904123119e-01 4.973383610172348729e-02 3.470259060385489924e-01 -3.310844112067412928e-03
6.883001999305922158e-01 4.899097597655015235e-02 3.512164788382277081e-01 -2.613482349090764847e-03
6.829531549728401485e-01 4.822796808483836850e-02 3.555289464724525894e-01 -1.896501546490986017e-03
6.774634333727563851e-01 4.744362140927799176e-02 3.599711245724412922e-01 -1.158713444549873059e-03
6.718222447658573904e-01 4.663659632958747081e-02 3.645518024707797844e-01 -3.987811977654846145e-04
6.660196390684044454e-01 4.580537629022120305e-02 3.692809288793416078e-01 3.848089586514079233e-04
6.600442715694291307e-01 4.494823196380411806e-02 3.741698467735040112e-01 1.193783546695929973e-03
6.538831016475205038e-01 4.406317529388834725e-02 3.792315946488182821e-01 2.030127804326142208e-03
6.475210003150274618e-01 4.314789963823942309e-02 3.844812989469096887e-01 2.896145543889108807e-03
6.409402299273621040e-01 4.219970042687491707e-02 3.899366943122489770e-01 3.794538496022513939e-03
6.341197404030932683e-01 4.121536785726871710e-02 3.956188273335162764e-01 4.728513616670867309e-03
6.270341948693228806e-01 4.019103836455604345e-02 4.015530308538168835e-01 5.701931619439566841e-03
6.196525835885077216e-01 3.912198337765763340e-02 4.077703099925192864e-01 6.719518222459890631e-03
6.119361877535699490e-01 3.800229907395691331e-02 4.143093782897812050e-01 7.787174397227726412e-03
6.038354700722015078e-01 3.682443276006989313e-02 4.212197670505801184e-01 8.912449992042536032e-03
5.952850949185943819e-01 3.557842462719029014e-02 4.285668051063629136e-01 1.010530198177297077e-02
5.861954591410188931e-01 3.425061877008499234e-02 4.364400879008870082e-01 1.137938345523084940e-02
5.764371138626724900e-01 3.282129350573671778e-02 4.449690555539215775e-01 1.275441330466223037e-02
5.658088655933166677e-01 3.125981235982466799e-02 4.543548915711868030e-01 1.426102525006629068e-02
5.539613139776431439e-01 2.951301151167685932e-02 4.649469848501098790e-01 1.595238040934342932e-02
5.401587333058592844e-01 2.746908575648722081e-02 4.774810477988952750e-01 1.794028135902754964e-02
5.219379984290450913e-01 2.475478826182073155e-02 4.944201897718504823e-01 2.059797241837565962e-02
