1.000000000000000000e+00 -0.000000000000000000e+00 -4.959390390266635862e-01 5.600761379148155861e-01
9.999944240216629421e-01 1.484069368727186948e-08 -4.959362827967834231e-01 5.600690094854229306e-01
9.999776959330577419e-01 5.936285211927565193e-08 -4.959280140325841857e-01 5.600476238741826096e-01
9.999498152733817813e-01 1.335667073586386105e-07 -4.959142325103824134e-01 5.600119801118103036e-01
9.999107812745610113e-01 2.374526460166284100e-07 -4.958949378573355160e-01 5.599620765825562563e-01
9.998605928611231652e-01 3.710212090133526154e-07 -4.958701295513894269e-01 5.598979110237728429e-01
9.997992486500456577e-01 5.342730912417466128e-07 -4.958398069212023862e-01 5.598194805253254858e-01
9.997267469505439763e-01 7.272091411350661986e-07 -4.958039691460475740e-01 5.597267815288246018e-01
9.996430857638175516e-01 9.498303601375286217e-07 -4.957626152556974253e-01 5.596198098266973453e-01
9.995482627827535493e-01 1.202137902077644072e-06 -4.957157441302785239e-01 5.594985605610724999e-01
9.994422753915759294e-01 1.484133072443705943e-06 -4.956633545001132846e-01 5.593630282225058314e-01
9.993251206654532037e-01 1.795817327560839031e-06 -4.956054449455373212e-01 5.592132066485300257e-01
9.991967953700645610e-01 2.137192273668884000e-06 -4.955420138966907806e-01 5.590490890220246589e-01
9.990572959611035975e-01 2.508259665900356945e-06 -4.954730596332926895e-01 5.588706678694183028e-01
9.989066185837524037e-01 2.909021407157583975e-06 -4.953985802843917097e-01 5.586779350587096626e-01
9.987447590720981427e-01 3.339479546888098889e-06 -4.953185738280970751e-01 5.584708817973150774e-01
9.985717129485021104e-01 3.799636279757227977e-06 -4.952330380912807195e-01 5.582494986297328321e-01
9.983874754229261628e-01 4.289493944216742415e-06 -4.951419707492669131e-01 5.580137754350306123e-01
9.981920413922121815e-01 4.809055020968341762e-06 -4.950453693254884269e-01 5.577637014241486613e-01
9.979854054393009211e-01 5.358322131320684908e-06 -4.949432311911330928e-01 5.574992651370208607e-01
9.977675618324201023e-01 5.937298035438587373e-06 -4.948355535647558923e-01 5.572204544395071846e-01
9.975385045242137760e-01 6.545985630482760768e-06 -4.947223335118752785e-01 5.569272565201413006e-01
9.972982271508197272e-01 7.184387948638661248e-06 -4.946035679445454081e-01 5.566196578866904332e-01
9.970467230309028039e-01 7.852508155032623296e-06 -4.944792536209038913e-01 5.562976443625092804e-01
9.967839851646420612e-01 8.550349545533655904e-06 -4.943493871446973942e-01 5.559612010827177375e-01
9.965100062326595065e-01 9.277915544438786137e-06 -4.942139649647864230e-01 5.556103124901742296e-01
9.962247785948991075e-01 1.003520970204012047e-05 -4.940729833746199118e-01 5.552449623312385452e-01
9.959282942894649437e-01 1.082223569207149021e-05 -4.939264385116944878e-01 5.548651336513497068e-01
9.956205450313958538e-01 1.163899730903244068e-05 -4.937743263569853158e-01 5.544708087903820193e-01
9.953015222113938965e-01 1.248549846538733036e-05 -4.936166427343520180e-01 5.540619693778030541e-01
9.949712168944989665e-01 1.336174318863688055e-05 -4.934533833099234990e-01 5.536385963276123645e-01
9.946296198187175586e-01 1.426773561826007980e-05 -4.932845435914580134e-01 5.532006698330658168e-01
9.942767213935855830e-01 1.520348000252327015e-05 -4.931101189276740904e-01 5.527481693611820956e-01
9.939125116986853303e-01 1.616898069515392840e-05 -4.929301045075650256e-01 5.522810736470242787e-01
9.935369804821094775e-01 1.716424215187632000e-05 -4.927444953596806787e-01 5.517993606877527046e-01
9.931501171588679178e-01 1.818926892680556963e-05 -4.925532863513852888e-01 5.513030077364488024e-01
9.927519108092380806e-01 1.924406566869756857e-05 -4.923564721880954176e-01 5.507919912956975583e-01
9.923423501770559652e-01 2.032863711705088162e-05 -4.921540474124845854e-01 5.502662871109370579e-01
9.919214236679579910e-01 2.144298809805763144e-05 -4.919460064036663138e-01 5.497258701635537870e-01
9.914891193475666720e-01 2.258712352039960971e-05 -4.917323433763503004e-01 5.491707146637353487e-01
9.910454249396034587e-01 2.376104837088566097e-05 -4.915130523799702833e-01 5.486007940430601693e-01
9.905903278239583942e-01 2.496476770992702918e-05 -4.912881272977858149e-01 5.480160809468302974e-01
9.901238150346928224e-01 2.619828666684615042e-05 -4.910575618459572800e-01 5.474165472261353083e-01
9.896458732579880291e-01 2.746161043501489047e-05 -4.908213495725939901e-01 5.468021639296442027e-01
9.891564888300172775e-01 2.875474426681800895e-05 -4.905794838567723026e-01 5.461729012951215267e-01
9.886556477347767657e-01 3.007769346843681876e-05 -4.903319579075280932e-01 5.455287287406488383e-01
9.881433356018407554e-01 3.143046339444915786e-05 -4.900787647628159771e-01 5.448696148555637331e-01
9.876195377040553058e-01 3.281305944224042879e-05 -4.898198972884453828e-01 5.441955273910944468e-01
9.870842389551692797e-01 3.422548704622005764e-05 -4.895553481769847060e-01 5.435064332506910345e-01
9.865374239073969598e-01 3.566775167183928324e-05 -4.892851099466336007e-01 5.428022984800413564e-01
9.859790767489190477e-01 3.713985880940368311e-05 -4.890091749400695131e-01 5.420830882567617692e-01
9.854091813013092782e-01 3.864181396767617737e-05 -4.887275353232594099e-01 5.413487668797658525e-01
9.848277210168987494e-01 4.017362266726267716e-05 -4.884401830842450276e-01 5.405992977582891879e-01
9.842346789760734183e-01 4.173529043377663725e-05 -4.881471100318925949e-01 5.398346434005684147e-01
9.836300378844867742e-01 4.332682279077415744e-05 -4.878483077946118018e-01 5.390547654021632384e-01
9.830137800702173356e-01 4.494822525245453050e-05 -4.875437678190447932e-01 5.382596244339143965e-01
9.823858874808425456e-01 4.659950331611857247e-05 -4.872334813687200228e-01 5.374491802295228160e-01
9.817463416804470544e-01 4.828066245437869788e-05 -4.869174395226734120e-01 5.366233915727453008e-01
9.810951238465448476e-01 4.999170810711201857e-05 -4.865956331740386998e-01 5.357822162841944236e-01
9.804322147669360943e-01 5.173264567315025261e-05 -4.862680530285951042e-01 5.349256112077267478e-01
9.797575948364775078e-01 5.350348050169841314e-05 -4.859346896032937235e-01 5.340535321964127169e-01
9.790712440537832073e-01 5.530421788347335293e-05 -4.855955332247339218e-01 5.331659340980744455e-01
9.783731420178314320e-01 5.713486304155492094e-05 -4.852505740276162882e-01 5.322627707403798647e-01
9.776632679245017554e-01 5.899542112194006090e-05 -4.848998019531495784e-01 5.313439949154803443e-01
9.769416005630257027e-01 6.088589718379134111e-05 -4.845432067474296778e-01 5.304095583641711409e-01
9.762081183123491046e-01 6.280629618937076750e-05 -4.841807779597723793e-01 5.294594117595752270e-01
9.754627991374045237e-01 6.475662299364888486e-05 -4.838125049410135214e-01 5.284935046903165290e-01
9.747056205853135147e-01 6.673688233357857500e-05 -4.834383768417693794e-01 5.275117856431864594e-01
9.739365597814733100e-01 6.874707881702464107e-05 -4.830583826106564227e-01 5.265142019852735444e-01
9.731555934255787799e-01 7.078721691133717047e-05 -4.826725109924718815e-01 5.255006999455442696e-01
9.723626977875285959e-01 7.285730093155790889e-05 -4.822807505263326244e-01 5.244712245958574881e-01
9.715578487032496824e-01 7.495733502824762434e-05 -4.818830895437732909e-01 5.234257198313965187e-01
9.707410215704226353e-01 7.708732317492371410e-05 -4.814795161668030121e-01 5.223641283504972810e-01
9.699121913441083320e-01 7.924726915509440711e-05 -4.810700183059181123e-01 5.212863916338521530e-01
9.690713325322682925e-01 8.143717654887679537e-05 -4.806545836580711217e-01 5.201924499230684562e-01
9.682184191911958893e-01 8.365704871918606337e-05 -4.802331997045948819e-01 5.190822421985646917e-01
9.673534249208277647e-01 8.590688879748131952e-05 -4.798058537090844067e-01 5.179557061567771070e-01
9.664763228599578815e-01 8.818669966905405685e-05 -4.793725327152287274e-01 5.168127781866543868e-01
9.655870856813408842e-01 9.049648395784387449e-05 -4.789332235445992181e-01 5.156533933454200413e-01
9.646856855866852154e-01 9.283624401076767695e-05 -4.784879127943886257e-01 5.144774853335675191e-01
9.637720943015292141e-01 9.520598188154298473e-05 -4.780365868351024172e-01 5.132849864690709474e-01
9.628462830700018626e-01 9.760569931399268448e-05 -4.775792318081993892e-01 5.120758276607839665e-01
9.619082226494743981e-01 1.000353977248109036e-04 -4.771158336236835940e-01 5.108499383809815830e-01
9.609578833050788083e-01 1.024950781857743022e-04 -4.766463779576435855e-01 5.096072466370410448e-01
9.599952348041079775e-01 1.049847414053783982e-04 -4.761708502497418727e-01 5.083476789422078923e-01
9.590202464102907109e-01 1.075043877098812959e-04 -4.756892357006494154e-01 5.070711602854202082e-01
9.580328868779408591e-01 1.100540170237329960e-04 -4.752015192694251100e-01 5.057776141001593118e-01
9.570331244459667763e-01 1.126336288493728064e-04 -4.747076856708439263e-01 5.044669622322972558e-01
9.560209268317563236e-01 1.152432222463688991e-04 -4.742077193726649820e-01 5.031391249068828397e-01
9.549962612249128791e-01 1.178827958098818945e-04 -4.737016045928449937e-01 5.017940206938413805e-01
9.539590942808617857e-01 1.205523476484263976e-04 -4.731893252966922758e-01 5.004315664725470514e-01
9.529093921143040324e-01 1.232518753609081110e-04 -4.726708651939621753e-01 4.990516773952223262e-01
9.518471202925359309e-01 1.259813760129102872e-04 -4.721462077358922205e-01 4.976542668491116261e-01
9.507722438286000388e-01 1.287408461122064934e-04 -4.716153361121739884e-01 4.962392464173885909e-01
9.496847271742989705e-01 1.315302815834671105e-04 -4.710782332478659074e-01 4.948065258387450149e-01
9.485845342130394542e-01 1.343496777421372029e-04 -4.705348818002377254e-01 4.933560129656093807e-01
9.474716282525279532e-01 1.371990292674557131e-04 -4.699852641555544164e-01 4.918876137209384769e-01
9.463459720172853196e-01 1.400783301745817089e-04 -4.694293624257895869e-01 4.904012320535242053e-01
9.452075276410105698e-01 1.429875737858023101e-04 -4.688671584452739904e-01 4.888967698917555116e-01
9.440562566587580307e-01 1.459267527007841866e-04 -4.682986337672753741e-01 4.873741270957696048e-01
9.428921199989426238e-01 1.488958587658397066e-04 -4.677237696605063277e-01 4.858332014079280725e-01
9.417150779751676248e-01 1.518948830421682969e-04 -4.671425471055619116e-01 4.842738884015442835e-01
9.405250902778592437e-01 1.549238157730398928e-04 -4.665549467912855075e-01 4.826960814277901912e-01
9.393221159657159092e-01 1.579826463498796034e-04 -4.659609491110581758e-01 4.810996715607033791e-01
9.381061134569659288e-01 1.610713632772165936e-04 -4.653605341590147937e-01 4.794845475402125801e-01
9.368770405204159823e-01 1.641899541364524873e-04 -4.647536817261809228e-01 4.778505957130909088e-01
9.356348542663037726e-01 1.673384055484131866e-04 -4.641403712965354034e-01 4.761976999717578152e-01
9.343795111369369577e-01 1.705167031346310096e-04 -4.635205820429880164e-01 4.745257416908145176e-01
9.331109668971209192e-01 1.737248314773167865e-04 -4.628942928232805953e-01 4.728345996612325908e-01
9.318291766243593788e-01 1.769627740779733957e-04 -4.622614821758028181e-01 4.711241500220726963e-01
9.305340946988376327e-01 1.802305133145969921e-04 -4.616221283153241206e-01 4.693942661896298163e-01
9.292256747931645355e-01 1.835280303974188979e-04 -4.609762091286419006e-01 4.676448187838819215e-01
9.279038698618855552e-01 1.868553053231282023e-04 -4.603237021701404030e-01 4.658756755521191173e-01
9.265686321307460283e-01 1.902123168275238934e-04 -4.596645846572621208e-01 4.640867012896210952e-01
9.252199130857072795e-01 1.935990423365341003e-04 -4.589988334658889890e-01 4.622777577572386165e-01
9.238576634617060579e-01 1.970154579155421106e-04 -4.583264251256332078e-01 4.604487035957364749e-01
9.224818332311490732e-01 2.004615382169564126e-04 -4.576473358150310866e-01 4.585993942367371790e-01
9.210923715921341959e-01 2.039372564259564057e-04 -4.569615413566481266e-01 4.567296818101007072e-01
9.196892269564005407e-01 2.074425842043456901e-04 -4.562690172120822951e-01 4.548394150475668085e-01
9.182723469369915570e-01 2.109774916324402123e-04 -4.555697384768744862e-01 4.529284391824692779e-01
9.168416783356181377e-01 2.145419471489168914e-04 -4.548636798753176169e-01 4.509965958453293067e-01
9.153971671297330692e-01 2.181359174885426030e-04 -4.541508157551628067e-01 4.490437229551167975e-01
9.139387584592875147e-01 2.217593676177038043e-04 -4.534311200822310206e-01 4.470696546059546028e-01
9.124663966131725257e-01 2.254122606676481951e-04 -4.527045664349135246e-01 4.450742209490379242e-01
9.109800250153373691e-01 2.290945578653540897e-04 -4.519711279985740848e-01 4.430572480695090798e-01
9.094795862105682360e-01 2.328062184619314131e-04 -4.512307775598424220e-01 4.410185578580255172e-01
9.079650218499258907e-01 2.365471996584564993e-04 -4.504834875007974748e-01 4.389579678767405735e-01
9.064362726758323774e-01 2.403174565291438984e-04 -4.497292297930519100e-01 4.368752912193890059e-01
9.048932785067806961e-01 2.441169419417466935e-04 -4.489679759917192259e-01 4.347703363651592157e-01
9.033359782216912048e-01 2.479456064750743829e-04 -4.481996972292748849e-01 4.326429070260122134e-01
9.017643097438668986e-01 2.518033983335175798e-04 -4.474243642093055917e-01 4.304928019870782885e-01
9.001782100245575569e-01 2.556902632584548982e-04 -4.466419472001469937e-01 4.283198149397424159e-01
8.985776150261218786e-01 2.596061444364199176e-04 -4.458524160284104143e-01 4.261237343070036210e-01
8.969624597047634040e-01 2.635509824038937852e-04 -4.450557400723971213e-01 4.239043430606633800e-01
8.953326779928425516e-01 2.675247149485956012e-04 -4.442518882554017945e-01 4.216614185298663275e-01
8.936882027807407924e-01 2.715272770071145976e-04 -4.434408290389004192e-01 4.193947322004826783e-01
8.920289658982747394e-01 2.755586005587458746e-04 -4.426225304156281015e-01 4.171040495047955154e-01
8.903548980956335068e-01 2.796186145153679858e-04 -4.417969599025490801e-01 4.147891296008974216e-01
8.886659290238374531e-01 2.837072446072021821e-04 -4.409640845337112758e-01 4.124497251411767262e-01
8.869619872147004314e-01 2.878244132642809785e-04 -4.401238708529959798e-01 4.100855820292219067e-01
8.852430000602790061e-01 2.919700394934498090e-04 -4.392762849067587960e-01 4.076964391644152808e-01
8.835088937917934260e-01 2.961440387507113824e-04 -4.384212922363662224e-01 4.052820281734468844e-01
8.817595934580045869e-01 3.003463228087250095e-04 -4.375588578706299248e-01 4.028420731279077072e-01
8.799950229030364390e-01 3.045767996192467173e-04 -4.366889463181449216e-01 4.003762902470601182e-01
8.782151047436187463e-01 3.088353731703076229e-04 -4.358115215595264047e-01 3.978843875848200873e-01
8.764197603457337671e-01 3.131219433378981112e-04 -4.349265470395646815e-01 3.953660646999062056e-01
8.746089098006581963e-01 3.174364057319310046e-04 -4.340339856592910217e-01 3.928210123080115856e-01
8.727824719003668408e-01 3.217786515362313737e-04 -4.331337997679663987e-01 3.902489119147927177e-01
8.709403641122965833e-01 3.261485673423056850e-04 -4.322259511549956246e-01 3.876494354283412935e-01
8.690825025534281156e-01 3.305460349766126192e-04 -4.313104010417896927e-01 3.850222447497093081e-01
8.672088019636918776e-01 3.349709313210623971e-04 -4.303871100735635058e-01 3.823669913399382891e-01
8.653191756786464683e-01 3.394231281264448847e-04 -4.294560383110995749e-01 3.796833157618997867e-01
8.634135356014372986e-01 3.439024918184795934e-04 -4.285171452224811883e-01 3.769708471951230822e-01
8.614917921739948525e-01 3.484088832961624248e-04 -4.275703896748159760e-01 3.742292029216093829e-01
8.595538543474501303e-01 3.529421577220748989e-04 -4.266157299259544788e-01 3.714579877804701225e-01
8.575996295517418488e-01 3.575021643042981877e-04 -4.256531236162385268e-01 3.686567935890202041e-01
8.556290236644057412e-01 3.620887460695537859e-04 -4.246825277602884197e-01 3.658251985277446994e-01
8.536419409784955503e-01 3.667017396271923758e-04 -4.237038987388603850e-01 3.629627664863164793e-01
8.516382841696314987e-01 3.713409749236109224e-04 -4.227171922907969059e-01 3.600690463675808028e-01
8.496179542621262737e-01 3.760062749866736951e-04 -4.217223635051046138e-01 3.571435713461139083e-01
8.475808505941822002e-01 3.806974556596871102e-04 -4.207193668131944952e-01 3.541858580776561238e-01
8.455268707821027574e-01 3.854143253243757215e-04 -4.197081559813188867e-01 3.511954058551656765e-01
8.434559106835467501e-01 3.901566846127557100e-04 -4.186886841032645967e-01 3.481716957078193064e-01
8.413678643596721463e-01 3.949243261066094916e-04 -4.176609035933304126e-01 3.451141894364074814e-01
8.392626240363021406e-01 3.997170340247909143e-04 -4.166247661796692037e-01 3.420223285812635239e-01
8.371400800639240414e-01 4.045345838973997909e-04 -4.155802228980410851e-01 3.388955333158987782e-01
8.350001208765870375e-01 4.093767422263107185e-04 -4.145272240860661817e-01 3.357332012598230886e-01
8.328426329496279035e-01 4.142432661314084260e-04 -4.134657193780525986e-01 3.325347062031421830e-01
8.306675007561779012e-01 4.191339029819094873e-04 -4.123956577004943003e-01 3.292993967347088158e-01
8.284746067224294519e-01 4.240483900120108085e-04 -4.113169872683454242e-01 3.260265947646719953e-01
8.262638311816258296e-01 4.289864539202145827e-04 -4.102296555821947077e-01 3.227155939312045252e-01
8.240350523267155891e-01 4.339478104515128777e-04 -4.091336094264763079e-01 3.193656578800295742e-01
8.217881461616214356e-01 4.389321639616474867e-04 -4.080287948688844923e-01 3.159760184039486774e-01
8.195229864511454076e-01 4.439392069626102097e-04 -4.069151572611438006e-01 3.125458734281014728e-01
8.172394446693778125e-01 4.489686196485066067e-04 -4.057926412413798145e-01 3.090743848248124759e-01
8.149373899466079152e-01 4.540200694008511887e-04 -4.046611907382774986e-01 3.055606760399727784e-01
8.126166890147260569e-01 4.590932102723314923e-04 -4.035207489773333100e-01 3.020038295104213733e-01
8.102772061509861956e-01 4.641876824480367951e-04 -4.023712584894995059e-01 2.984028838492365221e-01
8.079188031201693931e-01 4.693031116830686253e-04 -4.012126611225417250e-01 2.947568307726107784e-01
8.055413391150130220e-01 4.744391087154484839e-04 -4.000448980555595946e-01 2.910646117384890208e-01
8.031446706949553205e-01 4.795952686531459856e-04 -3.988679098171086790e-01 2.873251142628294175e-01
8.007286517230467471e-01 4.847711703340242808e-04 -3.976816363074752170e-01 2.835371678745591262e-01
7.982931333010255814e-01 4.899663756574033956e-04 -3.964860168257238748e-01 2.796995396644896270e-01
7.958379637025415620e-01 4.951804288859679853e-04 -3.952809901022624195e-01 2.758109293767673220e-01
7.933629883044064357e-01 5.004128559165731778e-04 -3.940664943377565899e-01 2.718699639834663007e-01
7.908680495158476598e-01 5.056631635185637611e-04 -3.928424672493910919e-01 2.678751916735863103e-01
7.883529867057560425e-01 5.109308385381049894e-04 -3.916088461256703734e-01 2.638250751765164881e-01
7.858176361278090827e-01 5.162153470669014668e-04 -3.903655678910756266e-01 2.597179843267578003e-01
7.832618308435144172e-01 5.215161335737543511e-04 -3.891125691822672761e-01 2.555521877607406789e-01
7.806854006430060666e-01 5.268326199973251541e-04 -3.878497864377115079e-01 2.513258436174007904e-01
7.780881719636857374e-01 5.321642047982666794e-04 -3.865771560030443754e-01 2.470369890909412947e-01
7.754699678065597457e-01 5.375102619690625945e-04 -3.852946142549127928e-01 2.426835286560579119e-01
7.728306076503462796e-01 5.428701399996706950e-04 -3.840020977465806173e-01 2.382632207513837030e-01
7.701699073632303216e-01 5.482431607972299307e-04 -3.826995433793025092e-01 2.337736626645119942e-01
7.674876791123219633e-01 5.536286185578638032e-04 -3.813868886042934836e-01 2.292122733096149945e-01
7.647837312707512769e-01 5.590257785886931872e-04 -3.800640716611913827e-01 2.245762735233929053e-01
7.620578683224694672e-01 5.644338760782758235e-04 -3.787310318603135939e-01 2.198626634233885047e-01
7.593098907647131135e-01 5.698521148135113779e-04 -3.773877099176308758e-01 2.150681962695243088e-01
7.565395950082917098e-01 5.752796658412952322e-04 -3.760340483537195078e-01 2.101893481385748996e-01
7.537467732755359640e-01 5.807156660731037758e-04 -3.746699919706704129e-01 2.052222825529551042e-01
7.509312134962514707e-01 5.861592168311263468e-04 -3.732954884247566274e-01 2.001628089876348882e-01
7.480926992016408983e-01 5.916093823344026293e-04 -3.719104889174925099e-01 1.950063338945635105e-01
7.452310094164210641e-01 5.970651881239190341e-04 -3.705149490343339069e-01 1.897478025089515963e-01
7.423459185493236356e-01 6.025256194259910993e-04 -3.691088297690058861e-01 1.843816292012027125e-01
7.394371962822813282e-01 6.079896194536310453e-04 -3.676920987834357835e-01 1.789016134625470988e-01
7.365046074586790725e-01 6.134560876462563173e-04 -3.662647319699575132e-01 1.733008376881439994e-01
7.335479119710465179e-01 6.189238778490747462e-04 -3.648267154056790140e-01 1.675715416390239909e-01
7.305668646488305829e-01 6.243917964344339929e-04 -3.633780478221079746e-01 1.617049666573003863e-01
7.275612151469991185e-01 6.298586003689798582e-04 -3.619187437614301839e-01 1.556911601189885086e-01
7.245307078363288911e-01 6.353229952323297212e-04 -3.604488376621273749e-01 1.495187268250653123e-01
7.214750816965977975e-01 6.407836331954561582e-04 -3.589683892247019781e-01 1.431745083865368917e-01
7.183940702141838885e-01 6.462391109706504787e-04 -3.574774905758185128e-01 1.366431630365355088e-01
7.152874012859397057e-01 6.516879677489022509e-04 -3.559762760162473172e-01 1.299066047758064002e-01
7.121547971319887038e-01 6.571286831474946154e-04 -3.544649355776183786e-01 1.229432388861465969e-01
7.089959742204569038e-01 6.625596751985779942e-04 -3.529437343627985779e-01 1.157268942314192001e-01
7.058106432091904026e-01 6.679792984220090778e-04 -3.514130409794036236e-01 1.082252889454120015e-01
7.025985089093348401e-01 6.733858420434042733e-04 -3.498733708701031730e-01 1.003977494641852958e-01
6.993592702804912742e-01 6.787775284449509752e-04 -3.483254552924043845e-01 9.219167723901552924e-02
6.960926204683728358e-01 6.841525119772375605e-04 -3.467703572499217235e-01 8.353678980779748187e-02
6.927982469038429514e-01 6.895088783286821644e-04 -3.452096802981466928e-01 7.433510601765157266e-02
6.894758314914211095e-01 6.948446447655524895e-04 -3.436459807592351923e-01 6.444197391264852581e-02
6.861250509362980532e-01 7.001577617809340943e-04 -3.420836928096965268e-01 5.362557963792208976e-02
6.827455772984524218e-01 7.054461171704666696e-04 -3.405316512746909274e-01 4.146346864625644058e-02
6.793370789829541456e-01 7.107075448030917295e-04 -3.390128287672491969e-01 2.697935307519138889e-02
6.758992227739735181e-01 7.159398450882981319e-04 -3.376770981686184059e-01 5.373068416431108288e-03
