1.000000000000000000e+00 -0.000000000000000000e+00 -4.907192025018141113e-01 6.279048633470152296e-01
9.999946766930736253e-01 3.519531387891360212e-08 -4.907165867605143839e-01 6.278988952955965042e-01
9.999787066391493395e-01 1.407817499669927036e-07 -4.907087394724368168e-01 6.278809909391820376e-01
9.999520894387743386e-01 3.167607916150706945e-07 -4.906956604450378734e-01 6.278511496712586570e-01
9.999148244261355511e-01 5.631349110638964212e-07 -4.906773493573827749e-01 6.278093704808368480e-01
9.998669106689656028e-01 8.799075694280500769e-07 -4.906538057601029235e-01 6.277556519522633494e-01
9.998083469684163616e-01 1.267083216673231958e-06 -4.906250290753371157e-01 6.276899922649424868e-01
9.997391318588924047e-01 1.724667291586732964e-06 -4.905910185966547155e-01 6.276123891929870080e-01
9.996592636078520666e-01 2.252666221740814821e-06 -4.905517734889616732e-01 6.275228401047919791e-01
9.995687402155704060e-01 2.851087423448696134e-06 -4.905072927883900036e-01 6.274213419625241928e-01
9.994675594148610953e-01 3.519939301712796130e-06 -4.904575754021707756e-01 6.273078913215377472e-01
9.993557186707651141e-01 4.259231250164751599e-06 -4.904026201084878966e-01 6.271824843297065799e-01
9.992332151802034712e-01 5.068973650996735862e-06 -4.903424255563160195e-01 6.270451167266856141e-01
9.991000458715934007e-01 5.949177874883650747e-06 -4.902769902652416856e-01 6.268957838430775364e-01
9.989562074044210371e-01 6.899856280895330353e-06 -4.902063126252665937e-01 6.267344805995367363e-01
9.988016961687833373e-01 7.921022216398375865e-06 -4.901303908965937151e-01 6.265612015057815398e-01
9.986365082848913666e-01 9.012690016946700255e-06 -4.900492232093933143e-01 6.263759406595266199e-01
9.984606396025295094e-01 1.017487500616006038e-05 -4.899628075635574231e-01 6.261786917453397994e-01
9.982740857004861468e-01 1.140759349558968027e-05 -4.898711418284300012e-01 6.259694480334110356e-01
9.980768418859423674e-01 1.271086278457013049e-05 -4.897742237425248835e-01 6.257482023782389158e-01
9.978689031938180465e-01 1.408470116005638951e-05 -4.896720509132221899e-01 6.255149472172375491e-01
9.976502643860883923e-01 1.552912789644508921e-05 -4.895646208164480817e-01 6.252696745692575275e-01
9.974209199510535306e-01 1.704416325537884863e-05 -4.894519307963384191e-01 6.250123760330220657e-01
9.971808641025691200e-01 1.862982848553225074e-05 -4.893339780648818804e-01 6.247430427854793189e-01
9.969300907792505440e-01 2.028614582237867967e-05 -4.892107597015448728e-01 6.244616655800634408e-01
9.966685936436165960e-01 2.201313848793633960e-05 -4.890822726528801234e-01 6.241682347448745949e-01
9.963963660812131806e-01 2.381083069049196954e-05 -4.889485137321151198e-01 6.238627401807709250e-01
9.961134011996842785e-01 2.567924762430110887e-05 -4.888094796187230084e-01 6.235451713593659351e-01
9.958196918278081622e-01 2.761841546926310095e-05 -4.886651668579747865e-01 6.232155173209381616e-01
9.955152305144905345e-01 2.962836139056921871e-05 -4.885155718604706210e-01 6.228737666722581334e-01
9.952000095277192537e-01 3.170911353832226213e-05 -4.883606909016551811e-01 6.225199075843083074e-01
9.948740208534734286e-01 3.386070104712566258e-05 -4.882005201213140966e-01 6.221539277899242881e-01
9.945372561945946543e-01 3.608315403564070142e-05 -4.880350555230453247e-01 6.217758145813305770e-01
9.941897069696130629e-01 3.837650360610867840e-05 -4.878642929737190825e-01 6.213855548075885027e-01
9.938313643115360696e-01 4.074078184383788070e-05 -4.876882282029137983e-01 6.209831348719450084e-01
9.934622190665851615e-01 4.317602181665078218e-05 -4.875068568023290805e-01 6.205685407290808531e-01
9.930822617928997120e-01 4.568225757429154719e-05 -4.873201742251888069e-01 6.201417578822600030e-01
9.926914827591881707e-01 4.825952414778975297e-05 -4.871281757856120165e-01 6.197027713803812121e-01
9.922898719433375092e-01 5.090785754877848749e-05 -4.869308566579709230e-01 6.192515658149265745e-01
9.918774190309814776e-01 5.362729476876480333e-05 -4.867282118762277232e-01 6.187881253167982765e-01
9.914541134140204548e-01 5.641787377834875334e-05 -4.865202363332469249e-01 6.183124335530617577e-01
9.910199441890917837e-01 5.927963352638877180e-05 -4.863069247800905770e-01 6.178244737235731865e-01
9.905749001560045786e-01 6.221261393911065669e-05 -4.860882718252895196e-01 6.173242285574943589e-01
9.901189698161155794e-01 6.521685591915688711e-05 -4.858642719340958149e-01 6.168116803097131173e-01
9.896521413706631520e-01 6.829240134457321943e-05 -4.856349194277085890e-01 6.162868107571278786e-01
9.891744027190516597e-01 7.143929306772853736e-05 -4.854002084824842189e-01 6.157496011948379033e-01
9.886857414570930924e-01 7.465757491416648533e-05 -4.851601331291193198e-01 6.152000324322006719e-01
9.881861448751874111e-01 7.794729168138248845e-05 -4.849146872518148021e-01 6.146380847887831234e-01
9.876755999564658106e-01 8.130848913752489182e-05 -4.846638645874116746e-01 6.140637380901826647e-01
9.871540933748753632e-01 8.474121402001589609e-05 -4.844076587245105814e-01 6.134769716637261672e-01
9.866216114932075953e-01 8.824551403408606844e-05 -4.841460631025636951e-01 6.128777643340459491e-01
9.860781403610940909e-01 9.182143785122223940e-05 -4.838790710109406867e-01 6.122660944185295273e-01
9.855236657129275990e-01 9.546903510752058624e-05 -4.836066755879804835e-01 6.116419397226292576e-01
9.849581729657402862e-01 9.918835640194319518e-05 -4.833288698200047806e-01 6.110052775350479637e-01
9.843816472170282550e-01 1.029794532944712043e-04 -4.830456465403183963e-01 6.103560846227836789e-01
9.837940732425183299e-01 1.068423783041521963e-04 -4.827569984281783189e-01 6.096943372260357208e-01
9.831954354938762242e-01 1.107771849070338983e-04 -4.824629180077402157e-01 6.090200110529696564e-01
9.825857180963657456e-01 1.147839275339816023e-04 -4.821633976469781868e-01 6.083330812743420468e-01
9.819649048464428320e-01 1.188626615683716060e-04 -4.818584295565763731e-01 6.076335225179660959e-01
9.813329792092921888e-01 1.230134433436578969e-04 -4.815480057887995824e-01 6.069213088630341923e-01
9.806899243163059721e-01 1.272363301408017944e-04 -4.812321182363312744e-01 6.061964138342893493e-01
9.800357229625060729e-01 1.315313801855639913e-04 -4.809107586310865101e-01 6.054588103960288903e-01
9.793703576038964576e-01 1.358986526456475055e-04 -4.805839185429978122e-01 6.047084709459523699e-01
9.786938103547553336e-01 1.403382076276883954e-04 -4.802515893787713819e-01 6.039453673088469587e-01
9.780060629848730258e-01 1.448501061740860134e-04 -4.799137623806173925e-01 6.031694707300966352e-01
9.773070969167103605e-01 1.494344102596652083e-04 -4.795704286249478088e-01 6.023807518690260654e-01
9.765968932224997623e-01 1.540911827881654079e-04 -4.792215790210462845e-01 6.015791807920616296e-01
9.758754326212843999e-01 1.588204875885463891e-04 -4.788672043097090825e-01 6.007647269657149236e-01
9.751426954758732890e-01 1.636223894111024982e-04 -4.785072950618550203e-01 5.999373592493801866e-01
9.743986617897462121e-01 1.684969539233816048e-04 -4.781418416771002211e-01 5.990970458879407712e-01
9.736433112038755944e-01 1.734442477058943991e-04 -4.777708343823103831e-01 5.982437545041798810e-01
9.728766229934759924e-01 1.784643382476073907e-04 -4.773942632301145239e-01 5.973774520909967967e-01
9.720985760646939644e-01 1.835572939412138081e-04 -4.770121180973830866e-01 5.964981050034131593e-01
9.713091489512046817e-01 1.887231840781657035e-04 -4.766243886836837862e-01 5.956056789503689775e-01
9.705083198107474773e-01 1.939620788434634122e-04 -4.762310645096923256e-01 5.947001389863135756e-01
9.696960664215785730e-01 1.992740493101916076e-04 -4.758321349155760771e-01 5.937814495025578454e-01
9.688723661788440911e-01 2.046591674337850915e-04 -4.754275890593406828e-01 5.928495742184257677e-01
9.680371960908750184e-01 2.101175060460216092e-04 -4.750174159151399067e-01 5.919044761721456993e-01
9.671905327753989035e-01 2.156491388487239899e-04 -4.746016042715517913e-01 5.909461177115210573e-01
9.663323524556715061e-01 2.212541404071616930e-04 -4.741801427298156790e-01 5.899744604843554230e-01
9.654626309565186304e-01 2.269325861431405905e-04 -4.737530197020343725e-01 5.889894654286207398e-01
9.645813437002942470e-01 2.326845523277642916e-04 -4.733202234093343841e-01 5.879910927623647199e-01
9.636884657027507961e-01 2.385101160738564913e-04 -4.728817418799937111e-01 5.869793019733654527e-01
9.627839715688163436e-01 2.444093553280320911e-04 -4.724375629475219274e-01 5.859540518084980221e-01
9.618678354882846948e-01 2.503823488623950835e-04 -4.719876742487059129e-01 5.849153002628350029e-01
9.609400312314051451e-01 2.564291762658569120e-04 -4.715320632216120078e-01 5.838630045684476411e-01
9.600005321443814132e-01 2.625499179350546239e-04 -4.710707171035493079e-01 5.827971211829168219e-01
9.590493111447745411e-01 2.687446550648492751e-04 -4.706036229289842221e-01 5.817176057775386155e-01
9.580863407167988788e-01 2.750134696383989209e-04 -4.701307675274192244e-01 5.806244132252140755e-01
9.571115929065174832e-01 2.813564444167753744e-04 -4.696521375212213134e-01 5.795174975880201806e-01
9.561250393169444806e-01 2.877736629281125893e-04 -4.691677193234062848e-01 5.783968121044409383e-01
9.551266511030248596e-01 2.942652094562679113e-04 -4.686774991353824249e-01 5.772623091762710823e-01
9.541163989665162326e-01 3.008311690289765185e-04 -4.681814629446390819e-01 5.761139403551495120e-01
9.530942531507572424e-01 3.074716274054741156e-04 -4.676795965223933815e-01 5.749516563287407900e-01
9.520601834353197290e-01 3.141866710635729185e-04 -4.671718854211838745e-01 5.737754069065463813e-01
9.510141591305509845e-01 3.209763871861591087e-04 -4.666583149724192192e-01 5.725851410053185431e-01
9.499561490719887757e-01 3.278408636471005907e-04 -4.661388702838712983e-01 5.713808066340890779e-01
9.488861216146649014e-01 3.347801889965292183e-04 -4.656135362371198738e-01 5.701623508787833083e-01
9.478040446272752995e-01 3.417944524454798183e-04 -4.650822974849416203e-01 5.689297198864133875e-01
9.467098854862349144e-01 3.488837438498578760e-04 -4.645451384486468105e-01 5.676828588488312954e-01
9.456036110695871244e-01 3.560481536937037906e-04 -4.640020433153618229e-01 5.664217119860448513e-01
9.444851877508015914e-01 3.632877730717340762e-04 -4.634529960352521960e-01 5.651462225290575514e-01
9.433545813924127943e-01 3.706026936711202054e-04 -4.628979803186912267e-01 5.638563327022383387e-01
9.422117573395396573e-01 3.779930077524828167e-04 -4.623369796333692272e-01 5.625519837051962124e-01
9.410566804132521890e-01 3.854588081300640962e-04 -4.617699772013417192e-01 5.612331156941389176e-01
9.398893149037972350e-01 3.930001881510434224e-04 -4.611969559960185094e-01 5.598996677627126051e-01
9.387096245636709080e-01 4.006172416739684113e-04 -4.606178987390862067e-01 5.585515779222964827e-01
9.375175726005460231e-01 4.083100630462557150e-04 -4.600327878973750062e-01 5.571887830817295884e-01
9.363131216700354420e-01 4.160787470807307846e-04 -4.594416056796498116e-01 5.558112190264646868e-01
9.350962338682985431e-01 4.239233890311671846e-04 -4.588443340333436815e-01 5.544188203971097684e-01
9.338668707244904832e-01 4.318440845667750991e-04 -4.582409546412195001e-01 5.530115206673605899e-01
9.326249931930339354e-01 4.398409297456102977e-04 -4.576314489179609257e-01 5.515892521212811817e-01
9.313705616457208514e-01 4.479140209868477792e-04 -4.570157980066978931e-01 5.501519458299248821e-01
9.301035358636458028e-01 4.560634550418778089e-04 -4.563939827754497913e-01 5.486995316272635925e-01
9.288238750289469214e-01 4.642893289641749103e-04 -4.557659838135076913e-01 5.472319380854032689e-01
9.275315377163736441e-01 4.725917400778899919e-04 -4.551317814277280882e-01 5.457490924890685546e-01
9.262264818846552838e-01 4.809707859451138926e-04 -4.544913556387579212e-01 5.442509208093104789e-01
9.249086648676837497e-01 4.894265643317519555e-04 -4.538446861771768814e-01 5.427373476764343341e-01
9.235780433654873223e-01 4.979591731719565590e-04 -4.531917524795591734e-01 5.412082963521035461e-01
9.222345734350089197e-01 5.065687105310631233e-04 -4.525325336844540081e-01 5.396636887005861194e-01
9.208782104806644275e-01 5.152552745669503921e-04 -4.518670086282794984e-01 5.381034451591242274e-01
9.195089092446993018e-01 5.240189634897779881e-04 -4.511951558411322893e-01 5.365274847073941977e-01
9.181266237973104705e-01 5.328598755200197662e-04 -4.505169535425069260e-01 5.349357248360038231e-01
9.167313075265486333e-01 5.417781088447357713e-04 -4.498323796369292915e-01 5.333280815140173381e-01
9.153229131279877473e-01 5.507737615719854405e-04 -4.491414117094881253e-01 5.317044691554496660e-01
9.139013925941527061e-01 5.598469316833297894e-04 -4.484440270212851076e-01 5.300648005847031774e-01
9.124666972037061008e-01 5.689977169843284761e-04 -4.477402025047780842e-01 5.284089870008983336e-01
9.110187775103765206e-01 5.782262150529471735e-04 -4.470299147590299227e-01 5.267369379410573593e-01
9.095575833316322800e-01 5.875325231857874298e-04 -4.463131400448567820e-01 5.250485612421055270e-01
9.080830637370945757e-01 5.969167383420482696e-04 -4.455898542798709117e-01 5.233437630016221087e-01
9.065951670366609871e-01 6.063789570851224999e-04 -4.448600330334209763e-01 5.216224475373126834e-01
9.050938407683665199e-01 6.159192755217240706e-04 -4.441236515214209146e-01 5.198845173451358548e-01
9.035790316859477755e-01 6.255377892384485867e-04 -4.433806846010721059e-01 5.181298730560410792e-01
9.020506857461103589e-01 6.352345932356413122e-04 -4.426311067654690734e-01 5.163584133912513252e-01
9.005087480954923063e-01 6.450097818584710771e-04 -4.418748921380932226e-01 5.145700351160394925e-01
8.989531630573146526e-01 6.548634487250872471e-04 -4.411120144671841770e-01 5.127646329919218759e-01
8.973838741177080358e-01 6.647956866517226032e-04 -4.403424471199958168e-01 5.109420997272255960e-01
8.958008239117118965e-01 6.748065875746248228e-04 -4.395661630769254202e-01 5.091023259259376266e-01
8.942039542089301740e-01 6.848962424686607601e-04 -4.387831349255155167e-01 5.072452000347691392e-01
8.925932058988323980e-01 6.950647412624679769e-04 -4.379933348543313953e-01 5.053706082883692163e-01
8.909685189757003965e-01 7.053121727499840621e-04 -4.371967346467018900e-01 5.034784346525942311e-01
8.893298325232004142e-01 7.156386244982008678e-04 -4.363933056743264927e-01 5.015685607657516254e-01
8.876770846985695407e-01 7.260441827509823325e-04 -4.355830188907469092e-01 4.996408658777338196e-01
8.860102127164152241e-01 7.365289323287642874e-04 -4.347658448246756735e-01 4.976952267869386159e-01
8.843291528321056694e-01 7.470929565239509563e-04 -4.339417535731803222e-01 4.957315177748884971e-01
8.826338403247382391e-01 7.577363369918226413e-04 -4.331107147947220737e-01 4.937496105384303058e-01
8.809242094796871925e-01 7.684591536367523911e-04 -4.322726977020419081e-01 4.917493741194178258e-01
8.792001935707022264e-01 7.792614844935163293e-04 -4.314276710548952121e-01 4.897306748317528102e-01
8.774617248415453874e-01 7.901434056034773324e-04 -4.305756031526288830e-01 4.876933761856632188e-01
8.757087344871723467e-01 8.011049908854127495e-04 -4.297164618265970071e-01 4.856373388090918786e-01
8.739411526344132985e-01 8.121463120007398322e-04 -4.288502144324137233e-01 4.835624203660514042e-01
8.721589083221622518e-01 8.232674382128824615e-04 -4.279768278420397754e-01 4.814684754718082105e-01
8.703619294810481799e-01 8.344684362405102888e-04 -4.270962684356979233e-01 4.793553556047351893e-01
8.685501429125743744e-01 8.457493701043753385e-04 -4.262085020936121071e-01 4.772229090146781205e-01
8.667234742677076831e-01 8.571103009674389166e-04 -4.253134941875755803e-01 4.750709806276485758e-01
8.648818480249066409e-01 8.685512869679802616e-04 -4.244112095723319156e-01 4.728994119466854995e-01
8.630251874675601842e-01 8.800723830453677492e-04 -4.235016125767741002e-01 4.707080409486654737e-01
8.611534146608291751e-01 8.916736407581389839e-04 -4.225846669949571144e-01 4.684967019768748742e-01
8.592664504278572091e-01 9.033551080940341576e-04 -4.216603360769177189e-01 4.662652256291203723e-01
8.573642143253497050e-01 9.151168292716073275e-04 -4.207285825192996209e-01 4.640134386411431944e-01
8.554466246184777578e-01 9.269588445329967827e-04 -4.197893684557839067e-01 4.617411637650987166e-01
8.535135982551106393e-01 9.388811899274567083e-04 -4.188426554473129171e-01 4.594482196428342213e-01
8.515650508393266538e-01 9.508838970851971658e-04 -4.178884044721152269e-01 4.571344206736904781e-01
8.496008966042049027e-01 9.629669929810697609e-04 -4.169265759155236228e-01 4.547995768765307756e-01
8.476210483838511056e-01 9.751304996875956050e-04 -4.159571295595769214e-01 4.524434937456782158e-01
8.456254175846505960e-01 9.873744341168436654e-04 -4.149800245724151182e-01 4.500659721004385272e-01
8.436139141557044141e-01 9.996988077505973482e-04 -4.139952194974573785e-01 4.476668079278329215e-01
8.415864465584418364e-01 1.012103626358239021e-03 -4.130026722423589813e-01 4.452457922181737859e-01
8.395429217353581608e-01 1.024588889701749011e-03 -4.120023400677562120e-01 4.428027107930668782e-01
8.374832450778684212e-01 1.037154591227188935e-03 -4.109941795757799943e-01 4.403373441254092024e-01
8.354073203932264047e-01 1.049800717741991964e-03 -4.099781466983560274e-01 4.378494671509131075e-01
8.333150498704939846e-01 1.062527249077342044e-03 -4.089541966852742183e-01 4.353388490706606162e-01
8.312063340455205784e-01 1.075334157734928906e-03 -4.079222840920386783e-01 4.328052531441485273e-01
8.290810717648926520e-01 1.088221408517229920e-03 -4.068823627674877930e-01 4.302484364722609089e-01
8.269391601488271792e-01 1.101188958140552048e-03 -4.058343858411991856e-01 4.276681497695489775e-01
8.247804945529558784e-01 1.114236754829917974e-03 -4.047783057106630888e-01 4.250641371251563938e-01
8.226049685289793523e-01 1.127364737894857903e-03 -4.037140740282397777e-01 4.224361357516894233e-01
8.204124737841405057e-01 1.140572837285159895e-03 -4.026416416879037841e-01 4.197838757212649097e-01
8.182029001394623968e-01 1.153860973125509903e-03 -4.015609588117668993e-01 4.171070796879163822e-01
8.159761354867340888e-01 1.167229055227934952e-03 -4.004719747364007820e-01 4.144054625954837756e-01
8.137320657441695637e-01 1.180676982580909076e-03 -3.993746379989551731e-01 4.116787313700224771e-01
8.114705748107033934e-01 1.194204642813840060e-03 -3.982688963230798240e-01 4.089265845957141265e-01
8.091915445188813116e-01 1.207811911635705985e-03 -3.971546966046701210e-01 4.061487121731713890e-01
8.068948545862659749e-01 1.221498652246416931e-03 -3.960319848974322987e-01 4.033447949589271109e-01
8.045803825653342622e-01 1.235264714719457035e-03 -3.949007063982981069e-01 4.005145043848281072e-01
8.022480037917839590e-01 1.249109935354272968e-03 -3.937608054326907081e-01 3.976575020559103835e-01
7.998975913311998642e-01 1.263034135996763015e-03 -3.926122254396717803e-01 3.947734393252450014e-01
7.975290159240150389e-01 1.277037123326145050e-03 -3.914549089569818174e-01 3.918619568440956935e-01
7.951421459286989180e-01 1.291118688106340957e-03 -3.902887976060108732e-01 3.889226840855912748e-01
7.927368472631081131e-01 1.305278604399961063e-03 -3.891138320767166814e-01 3.859552388399618006e-01
7.903129833439197505e-01 1.319516628742786095e-03 -3.879299521125281203e-01 3.829592266792025135e-01
7.878704150240753989e-01 1.333832499276565910e-03 -3.867370964952809853e-01 3.799342403888494868e-01
7.854090005281642028e-01 1.348225934837816954e-03 -3.855352030302122146e-01 3.768798593643353234e-01
7.829285953856440772e-01 1.362696634000094007e-03 -3.843242085310819012e-01 3.737956489691439121e-01
7.804290523618385711e-01 1.377244274067164920e-03 -3.831040488054694992e-01 3.706811598517467110e-01
7.779102213865988213e-01 1.391868510014239923e-03 -3.818746586403121146e-01 3.675359272179878900e-01
7.753719494805433321e-01 1.406568973374293895e-03 -3.806359717877623727e-01 3.643594700552740817e-01
7.728140806787626715e-01 1.421345271066062899e-03 -3.793879209514439133e-01 3.611512903044148959e-01
7.702364559519681020e-01 1.436196984161638079e-03 -3.781304377732255806e-01 3.579108719754660051e-01
7.676389131247906006e-01 1.451123666587494964e-03 -3.768634528205855871e-01 3.546376802011935170e-01
7.650212867913276371e-01 1.466124843757651928e-03 -3.755868955747235782e-01 3.513311602243134879e-01
7.623834082276801372e-01 1.481200011133726978e-03 -3.743006944195568786e-01 3.479907363118232011e-01
7.597251053013975852e-01 1.496348632707695907e-03 -3.730047766317582947e-01 3.446158105900133939e-01
7.570462023777263516e-01 1.511570139402750035e-03 -3.716990683720390876e-01 3.412057617928727082e-01
7.543465202224745036e-01 1.526863927387395008e-03 -3.703834946778578052e-01 3.377599439158077144e-01
7.516258759013650925e-01 1.542229356297439898e-03 -3.690579794578371930e-01 3.342776847656688255e-01
7.488840826757632296e-01 1.557665747360286032e-03 -3.677224454881458104e-01 3.307582843970328090e-01
7.461209498945712282e-01 1.573172381415553073e-03 -3.663768144111511083e-01 3.272010134235410761e-01
7.433362828821332702e-01 1.588748496825618042e-03 -3.650210067367410938e-01 3.236051111917360168e-01
7.405298828220138185e-01 1.604393287269184100e-03 -3.636549418466997197e-01 3.199697838032892205e-01
7.377015466364342799e-01 1.620105899410599105e-03 -3.622785380026211088e-01 3.162942019698242180e-01
7.348510668611597518e-01 1.635885430437117923e-03 -3.608917123579332142e-01 3.125774986824553792e-01
7.319782315156894148e-01 1.651730925455688987e-03 -3.594943809746241059e-01 3.088187666759383276e-01
7.290828239685097634e-01 1.667641374740379007e-03 -3.580864588454357178e-01 3.050170556645974140e-01
7.261646227971628731e-01 1.683615710820779909e-03 -3.566678599223425117e-01 3.011713693241874212e-01
7.232234016429716084e-01 1.699652805401162059e-03 -3.552384971522893897e-01 2.972806619902205738e-01
7.202589290601068006e-01 1.715751466099404900e-03 -3.537982825213328852e-01 2.933438350392406080e-01
7.172709683587871199e-01 1.731910432993901067e-03 -3.523471271084805956e-01 2.893597329145811137e-01
7.142592774423464075e-01 1.748128374965811924e-03 -3.508849411507445892e-01 2.853271387525693203e-01
7.112236086378775912e-01 1.764403885823146931e-03 -3.494116341212252230e-01 2.812447695584778806e-01
7.081637085201599735e-01 1.780735480192141996e-03 -3.479271148222778942e-01 2.771112708736775954e-01
7.050793177285971103e-01 1.797121589160427958e-03 -3.464312914962345835e-01 2.729252108661863740e-01
7.019701707768373211e-01 1.813560555655143076e-03 -3.449240719565588864e-01 2.686850737658136867e-01
6.988359958547374351e-01 1.830050629538400959e-03 -3.434053637428479133e-01 2.643892525519159764e-01
6.956765146223375940e-01 1.846589962400364089e-03 -3.418750743037364814e-01 2.600360407861195267e-01
6.924914419955396916e-01 1.863176602029936995e-03 -3.403331112125287938e-01 2.556236234633020854e-01
6.892804859230261538e-01 1.879808486540357005e-03 -3.387793824213082838e-01 2.511500667313915081e-01
6.860433471541490524e-01 1.896483438126352061e-03 -3.372137965604714016e-01 2.466133063024134875e-01
6.827797189973412451e-01 1.913199156427127954e-03 -3.356362632920308897e-01 2.420111343434276918e-01
6.794892870686614073e-01 1.929953211468022007e-03 -3.340466937267780878e-01 2.373411845939344123e-01
6.761717290300647276e-01 1.946743036151474954e-03 -3.324450009177336018e-01 2.326009154046576044e-01
6.728267143170515441e-01 1.963565918265782004e-03 -3.308311004448826198e-01 2.277875903280872916e-01
6.694539038551147181e-01 1.980418991978189977e-03 -3.292049111099836223e-01 2.228982558104647127e-01
6.660529497648260966e-01 1.997299228776317024e-03 -3.275663557644081791e-01 2.179297154329271069e-01
6.626234950548866021e-01 2.014203427819426153e-03 -3.259153622990496046e-01 2.128785000198664956e-01
6.591651733029620930e-01 2.031128205658289977e-03 -3.242518648326290220e-01 2.077408327663214094e-01
6.556776083237895181e-01 2.048069985280372065e-03 -3.225758051445016261e-01 2.025125883210102118e-01
6.521604138243495274e-01 2.065024984433601850e-03 -3.208871344110709733e-01 1.971892444807865075e-01
6.486131930456590089e-01 2.081989203179548942e-03 -3.191858153220831773e-01 1.917658247814048034e-01
6.450355383911107188e-01 2.098958410624080038e-03 -3.174718246763529872e-01 1.862368297750414958e-01
6.414270310411064324e-01 2.115928130771090997e-03 -3.157451565883466205e-01 1.805961541171577922e-01
6.377872405541421541e-01 2.132893627442425128e-03 -3.140058264809760247e-01 1.748369856721254945e-01
6.341157244542589000e-01 2.149849888204709118e-03 -3.122538761021794174e-01 1.689516815801271055e-01
6.304120278054486937e-01 2.166791607243930863e-03 -3.104893798912096159e-01 1.629316144428918089e-01
6.266756827735259217e-01 2.183713167126471837e-03 -3.087124531496334146e-01 1.567669792278242047e-01
6.229062081766265635e-01 2.200608619388230106e-03 -3.069232626632816263e-01 1.504465477540389007e-01
6.191031090257415048e-01 2.217471663895030035e-03 -3.051220407114459965e-01 1.439573520514720872e-01
6.152658760575900887e-01 2.234295626926376122e-03 -3.033091038508944903e-01 1.372842693749520004e-01
6.113939852629777238e-01 2.251073437943292878e-03 -3.014848785831215072e-01 1.304094683114961073e-01
6.074868974149560952e-01 2.267797605020507000e-03 -2.996499372029541863e-01 1.233116538532579992e-01
6.035440576029976745e-01 2.284460188951164053e-03 -2.978050491614568918e-01 1.159650132255679034e-01
5.995648947817817653e-01 2.301052776074976030e-03 -2.959512569066847232e-01 1.083377014091357060e-01
5.955488213467449166e-01 2.317566449948777960e-03 -2.940899919730011192e-01 1.003895905221668938e-01
5.914952327538948174e-01 2.333991762084275130e-03 -2.922232606300210755e-01 9.206878545101644662e-02
5.874035072099448307e-01 2.350318702147385051e-03 -2.903539573572401222e-01 8.330594903632988768e-02
5.832730054718268109e-01 2.366536668296214188e-03 -2.884864321863420122e-01 7.400444440756928643e-02
5.791030708179359943e-01 2.382634438837989178e-03 -2.866276163347836192e-01 6.402169040018962365e-02
5.748930292986166313e-01 2.398600147314378008e-03 -2.847895612841879753e-01 5.312946691796568977e-02
5.706421904630161190e-01 2.414421265179279939e-03 -2.829963973620426843e-01 4.091288740635608268e-02
5.663498490125655760e-01 2.430084601348015110e-03 -2.813112817072532246e-01 2.641877990041428120e-02
5.620152886605256359e-01 2.445576347032465785e-03 -2.801383504499174171e-01 5.138181925976621246e-03
5.576378025592513277e-01 2.460882523416107939e-03 -2.802759439608462078e-01 2.216062997357769876e-02
5.532167518804662620e-01 2.475990565083404944e-03 -2.784189723705325914e-01 3.755044276499171219e-02
5.487515292677399570e-01 2.490888722203289055e-03 -2.764065064177618769e-01 5.019738521423264960e-02
5.442415279489803970e-01 2.505565357478842063e-03 -2.743121144911365161e-01 6.135773620499226227e-02
5.396861366144199978e-01 2.520008816521408009e-03 -2.721602130297314237e-01 7.152813879693835364e-02
5.350847368705278218e-01 2.534207364622211890e-03 -2.699621373624638832e-01 8.096985610198073613e-02
5.304367015549454889e-01 2.548149146459898016e-03 -2.677240816636392018e-01 8.984180391224934337e-02
5.257413934680545964e-01 2.561822156962254016e-03 -2.654497688988041726e-01 9.824974463266158975e-02
5.209981643353792657e-01 2.575214218536257815e-03 -2.631415728549417743e-01 1.062685438181444064e-01
5.162063539114578603e-01 2.588312962300825994e-03 -2.608010619387070017e-01 1.139536373646871936e-01
5.113652891741465867e-01 2.601105812038635810e-03 -2.584292905547788122e-01 1.213475084389069036e-01
5.064742835803919263e-01 2.613579970107921067e-03 -2.560269673730850015e-01 1.284836064585871962e-01
5.015326363640972840e-01 2.625722404856558907e-03 -2.535945583184315844e-01 1.353888490279785972e-01
4.965396318635180162e-01 2.637519839253496187e-03 -2.511323526041808196e-01 1.420852895068789867e-01
4.914945388701745244e-01 2.648958740566449178e-03 -2.486405067069930030e-01 1.485912684853887000e-01
4.863966099933205167e-01 2.660025310993542873e-03 -2.461190745871811025e-01 1.549222327651327002e-01
4.812450810363789189e-01 2.670705479212485012e-03 -2.435680290120408875e-01 1.610913326681779056e-01
4.760391703829293109e-01 2.680984892856915977e-03 -2.409872769411338100e-01 1.671098671729356888e-01
4.707780783910432976e-01 2.690848911966428180e-03 -2.383766708400189005e-01 1.729876219129221904e-01
4.654609867956516767e-01 2.700282603492166859e-03 -2.357360171358753032e-01 1.787331300614402041e-01
4.600870581194386189e-01 2.709270736971172190e-03 -2.330650826251287888e-01 1.843538766201424928e-01
4.546554350934973177e-01 2.717797781516875181e-03 -2.303635993868942133e-01 1.898564604440428905e-01
4.491652400898356046e-01 2.725847904305762209e-03 -2.276312685889310128e-01 1.952467242117547908e-01
4.436155745683751928e-01 2.733404970778187046e-03 -2.248677634615018073e-01 2.005298597402256910e-01
4.380055185421354857e-01 2.740452546809314834e-03 -2.220727316387370864e-01 2.057104940916744118e-01
4.323341300649741759e-01 2.746973903152166111e-03 -2.192457970148297131e-01 2.107927605407083071e-01
4.266004447473342731e-01 2.752952022501678822e-03 -2.163865612255216897e-01 2.157803574787277023e-01
4.208034753064285871e-01 2.758369609585750899e-03 -2.134946048393243090e-01 2.206765976104463900e-01
4.149422111586095752e-01 2.763209104749548856e-03 -2.105694883239760118e-01 2.254844492640034892e-01
4.090156180628927163e-01 2.767452701571458153e-03 -2.076107528401872904e-01 2.302065712373942974e-01
4.030226378262806164e-01 2.771082369126574158e-03 -2.046179209048631931e-01 2.348453423023260933e-01
3.969621880831892269e-01 2.774079879604837793e-03 -2.015904969587767881e-01 2.394028862562793958e-01
3.908331621633396868e-01 2.776426842092347049e-03 -1.985279678687441041e-01 2.438810932357433903e-01
3.846344290647478181e-01 2.778104743439271940e-03 -1.954298033907418131e-01 2.482816378651943046e-01
3.783648335509923744e-01 2.779094997267934214e-03 -1.922954566180662128e-01 2.526059947077197165e-01
3.720231963949930942e-01 2.779379002321081052e-03 -1.891243644374235866e-01 2.568554513972480247e-01
3.656083147948296919e-01 2.778938211515143836e-03 -1.859159480152229871e-01 2.610311197638809921e-01
3.591189629909238845e-01 2.777754213248486911e-03 -1.826696133365245112e-01 2.651339452088692927e-01
3.525538931183507252e-01 2.775808826720238976e-03 -1.793847518199661872e-01 2.691647145417225273e-01
3.459118363328664847e-01 2.773084213245977179e-03 -1.760607410332676870e-01 2.731240624559704844e-01
3.391915042547630765e-01 2.769563005810494073e-03 -1.726969455358859928e-01 2.770124767913599850e-01
3.323915907809665837e-01 2.765228459376893946e-03 -1.692927178778537989e-01 2.808303027066932911e-01
3.255107743226525741e-01 2.760064624776362163e-03 -1.658473997867390970e-01 2.845777458687305250e-01
3.185477205335419115e-01 2.754056549332440165e-03 -1.623603235782949961e-01 2.882548747474875106e-01
3.115010856025037800e-01 2.747190507723022094e-03 -1.588308138303015093e-01 2.918616220966572805e-01
3.043695201937084982e-01 2.739454266951880847e-03 -1.552581893638227128e-01 2.953977856890945275e-01
2.971516741277550056e-01 2.730837389677599064e-03 -1.516417655811420073e-01 2.988630283712673252e-01
2.898462019084466768e-01 2.721331580522493802e-03 -1.479808572153507862e-01 3.022568774972237970e-01
2.824517692116790823e-01 2.710931080339516047e-03 -1.442747815526594923e-01 3.055787238017066976e-01
2.749670604652553751e-01 2.699633113728431948e-03 -1.405228621949994039e-01 3.088278197738115738e-01
2.673907876611790746e-01 2.687438395332720879e-03 -1.367244334372378911e-01 3.120032775970950079e-01
2.597217005543375756e-01 2.674351700572699837e-03 -1.328788453401165970e-01 3.151040667294531805e-01
2.519585984132636791e-01 2.660382506425027979e-03 -1.289854695866063938e-01 3.181290112066946230e-01
2.441003434987971121e-01 2.645545707572442926e-03 -1.250437062152389978e-01 3.210767867679648058e-01
2.361458764539640098e-01 2.629862412634686140e-03 -1.210529913287834991e-01 3.239459179188631799e-01
2.280942337917503115e-01 2.613360824142481158e-03 -1.170128058794490944e-01 3.267347750703019083e-01
2.199445676650357007e-01 2.596077204302675925e-03 -1.129226856318192029e-01 3.294415719172931190e-01
2.116961680922467004e-01 2.578056926276055868e-03 -1.087822324008276970e-01 3.320643632526633082e-01
2.033484877907666133e-01 2.559355607478132170e-03 -1.045911266527227990e-01 3.346010434457982186e-01
1.949011697344701088e-01 2.540040317137962946e-03 -1.003491415405856069e-01 3.370493458553214805e-01
1.863540774981581882e-01 2.520190844834591885e-03 -9.605615842048310926e-02 3.394068434868449113e-01
1.777073283763987988e-01 2.499901009810171024e-03 -9.171218385766503889e-02 3.416709512503319224e-01
1.689613291628115077e-01 2.479279982432787063e-03 -8.731736808205263489e-02 3.438389302144643223e-01
1.601168143447420922e-01 2.458453579232191058e-03 -8.287202478645495918e-02 3.459078942941957724e-01
1.511748863044123092e-01 2.437565481593267046e-03 -7.837665207766528197e-02 3.478748198378462941e-01
1.421370569196601930e-01 2.416778315815308002e-03 -7.383195428888207623e-02 3.497365585961174084e-01
1.330052897269947132e-01 2.396274519457828201e-03 -6.923886424209035884e-02 3.514898545500965144e-01
1.237820415519414047e-01 2.376256906687791888e-03 -6.459856541338225566e-02 3.531313650408698934e-01
1.144703022372355050e-01 2.356948835098441122e-03 -5.991251330776996981e-02 3.546576865709292758e-01
1.050736308250743989e-01 2.338593869979955185e-03 -5.518245520111143831e-02 3.560653855292689185e-01
9.559618629926784628e-02 2.321454841403097942e-03 -5.041044726746488069e-02 3.573510339212008224e-01
8.604275079743849142e-02 2.305812197007693111e-03 -4.559886799644261024e-02 3.585112499572610245e-01
7.641874309850978098e-02 2.291961571205220188e-03 -4.075042673612303684e-02 3.595427430752132780e-01
6.673022021515710722e-02 2.280210521177227206e-03 -3.586816619352779095e-02 3.604423626448433060e-01
5.698386511020685913e-02 2.270874422077846181e-03 -3.095545780654343840e-02 3.612071492544525197e-01
4.718695893667929769e-02 2.264271567130883046e-03 -2.601598908393474088e-02 3.618343871283781210e-01
3.734733678285979963e-02 2.260717579764859146e-03 -2.105374230094095994e-02 3.623216559121820168e-01
2.747332667231446035e-02 2.260519309370960170e-03 -1.607296433162285973e-02 3.626668798257697834e-01
1.757367248219967107e-02 2.263968442717383036e-03 -1.107812787564483974e-02 3.628683720653818057e-01
7.657442431243985381e-03 2.271335111551048974e-03 -6.073884860953861903e-03 3.629248723655824072e-01
-2.266074241162565044e-03 2.282861805745003015e-03 -1.065013326578331939e-03 3.628355758310292112e-01
-1.218747893505831015e-02 2.298757904532609201e-03 3.943640443901529243e-03 3.626001515141886178e-01
-2.209737959216971984e-02 2.319195113021910865e-03 8.947222411992340751e-03 3.622187497256393884e-01
-3.198650641479325318e-02 2.344304038416036157e-03 1.394093156973109926e-02 3.616919976741798104e-01
-4.184582298817585144e-02 2.374172065389830184e-03 1.892007867275002919e-02 3.610209836842209752e-01
-5.166662874514278692e-02 2.408842601439610803e-03 2.388014073455718006e-02 3.602072308624508223e-01
-6.144064935819455731e-02 2.448315671134823884e-03 2.881680941894914152e-02 3.592526616221722868e-01
-7.116011250555473455e-02 2.492549753465181026e-03 3.372603191166662767e-02 3.581595548744024859e-01
-8.081780743365518660e-02 2.541464687548557807e-03 3.860404336491662231e-02 3.569304979316533233e-01
-9.040712772561379507e-02 2.594945424501852050e-03 4.344739053358245839e-02 3.555683352381757145e-01
-9.992209759188543094e-02 2.652846379413585122e-03 4.825294670988056200e-02 3.540761159541129244e-01
-1.093573827568865980e-01 2.714996135926120956e-03 5.301791847569273242e-02 3.524570422108639911e-01
-1.187082875838121054e-01 2.781202273234723021e-03 5.773984510554763111e-02 3.507144195596330061e-01
-1.279707404468033993e-01 2.851256116169788996e-03 6.241659166016456234e-02 3.488516107945748845e-01
-1.371412695360862966e-01 2.924937247853056071e-03 6.704633691513872673e-02 3.468719939828304732e-01
-1.462169712949946965e-01 3.002017666064074174e-03 7.162755728561519264e-02 3.447789252044881070e-01
-1.551954735742127056e-01 3.082265504759569910e-03 7.615900785450713251e-02 3.425757062164829225e-01
-1.640748953865601989e-01 3.165448278235281996e-03 8.063970150945566628e-02 3.402655570163415910e-01
-1.728538048912693914e-01 3.251335635511718933e-03 8.506888706170870340e-02 3.378515930985995785e-01
-1.815311769602893921e-01 3.339701636006082042e-03 8.944602707482818271e-02 3.353368070660583955e-01
-1.901063514041327063e-01 3.430326574560571030e-03 9.377077598546197656e-02 3.327240541747710223e-01
-1.985789926776690972e-01 3.522998395082696001e-03 9.804295896150104495e-02 3.300160413472171816e-01
-2.069490516570310912e-01 3.617513738349134155e-03 1.022625518203256062e-01 3.272153191750004075e-01
-2.152167298826344055e-01 3.713678671954778916e-03 1.064296622245533008e-01 3.243242764418881041e-01
-2.233824465013038996e-01 3.811309149945020947e-03 1.105445122854925993e-01 3.213451367233688960e-01
-2.314468080111898030e-01 3.910231247230028240e-03 1.146074226347208042e-01 3.182799566541105740e-01
-2.394105808136652025e-01 4.010281210178258567e-03 1.186187979702762046e-01 3.151306254948771923e-01
-2.472746665025400969e-01 4.111305360396672569e-03 1.225791140439097954e-01 3.118988656723056807e-01
-2.550400797688913146e-01 4.213159884061020745e-03 1.264889060274317079e-01 3.085862340058247999e-01
-2.627079287652819839e-01 4.315710534560806590e-03 1.303487581772437010e-01 3.051941233739515202e-01
-2.702793977526308233e-01 4.418832271873855168e-03 1.341592947048393103e-01 3.017237646068328116e-01
-2.777557318431673750e-01 4.522408858107716291e-03 1.379211717553754102e-01 2.981762284218298920e-01
-2.851382236510919266e-01 4.626332425091900409e-03 1.416350703953286883e-01 2.945524272445059211e-01
-2.924282016664856987e-01 4.730503026804766357e-03 1.453016905120211033e-01 2.908531167784462745e-01
-2.996270201759103080e-01 4.834828186754396885e-03 1.489217455319429007e-01 2.870788972038443854e-01
-3.067360505636215207e-01 4.939222448179153568e-03 1.524959578702569096e-01 2.832302138971654060e-01
-3.137566738392507104e-01 5.043606933052591744e-03 1.560250550301804096e-01 2.793073575724738800e-01
-3.206902742504739168e-01 5.147908914325196802e-03 1.595097662776318870e-01 2.753104637494945828e-01
-3.275382338519464143e-01 5.252061404572670213e-03 1.629508198233609872e-01 2.712395114540614993e-01
-3.343019279141942746e-01 5.356002763200846603e-03 1.663489404513990022e-01 2.670943210536301793e-01
-3.409827210682472853e-01 5.459676323548075597e-03 1.697048475390927069e-01 2.628745511235459076e-01
-3.475819640926720022e-01 5.563030040587929777e-03 1.730192534199596066e-01 2.585796942288334788e-01
-3.541009912603287901e-01 5.666016159444211588e-03 1.762928620462332896e-01 2.542090714908579741e-01
-3.605411181714168745e-01 5.768590904552657259e-03 1.795263679131212098e-01 2.497618257877436132e-01
-3.669036400081198135e-01 5.870714189026871380e-03 1.827204552115231917e-01 2.452369134111163085e-01
-3.731898301538338902e-01 5.972349343581887827e-03 1.858757971802695863e-01 2.406330939684485914e-01
-3.794009391270160014e-01 6.073462864228676428e-03 1.889930556329549038e-01 2.359489182782663896e-01
-3.855381937858102237e-01 6.174024177859985599e-03 1.920728806379271014e-01 2.311827139529920028e-01
-3.916027967652142006e-01 6.274005424795837428e-03 1.951159103334950962e-01 2.263325682981305875e-01
-3.975959261134279221e-01 6.373381257329152789e-03 1.981227708633583051e-01 2.213963080732765099e-01
-4.035187350982917254e-01 6.472128653312207887e-03 2.010940764203361930e-01 2.163714755550739943e-01
-4.093723521586554726e-01 6.570226743837998332e-03 2.040304293892397924e-01 2.112553002078317865e-01
-4.151578809787971891e-01 6.667656654099025047e-03 2.069324205827003105e-01 2.060446650947904967e-01
-4.208764006670329128e-01 6.764401356540323922e-03 2.098006295666998977e-01 2.007360669393354891e-01
-4.265289660222362778e-01 6.860445535467675146e-03 2.126356250758640043e-01 1.953255684527518132e-01
-4.321166078742693095e-01 6.955775462317444723e-03 2.154379655223692125e-01 1.898087411583397888e-01
-4.376403334864640837e-01 7.050378880844303253e-03 2.182081996068342133e-01 1.841805964248235949e-01
-4.431011270099359245e-01 7.144244901533465184e-03 2.209468670452842121e-01 1.784355017231112062e-01
-4.484999499812121204e-01 7.237363904595662395e-03 2.236544994338036108e-01 1.725670781622102024e-01
-4.538377418561503895e-01 7.329727450954721772e-03 2.263316212826269880e-01 1.665680740283118910e-01
-4.591154205741844185e-01 7.421328200690352830e-03 2.289787512656500934e-01 1.604302071696454002e-01
-4.643338831485165907e-01 7.512159838450556404e-03 2.315964037518251084e-01 1.541439663657621084e-01
-4.694940062786213120e-01 7.602217005402509692e-03 2.341850907151210026e-01 1.476983578585865930e-01
-4.745966469828523104e-01 7.691495237345394656e-03 2.367453241657156982e-01 1.410805772929281110e-01
-4.796426432499280024e-01 7.779990908669793571e-03 2.392776193166706866e-01 1.342755782235831030e-01
-4.846328147093265093e-01 7.867701181911570391e-03 2.417824988158430999e-01 1.272654940260282974e-01
-4.895679633220718086e-01 7.954623962725166156e-03 2.442604985644810933e-01 1.200288467844426998e-01
-4.944488740951393235e-01 8.040757860191909828e-03 2.467121759758595934e-01 1.125394375750237014e-01
-4.992763158247736088e-01 8.126102152493918165e-03 2.491381221256528111e-01 1.047647438846897039e-01
-5.040510418775102641e-01 8.210656758146530135e-03 2.515389803841204808e-01 9.666352345358392162e-02
-5.087737910217493553e-01 8.294422213205152397e-03 2.539154764200537984e-01 8.818207705118215334e-02
-5.134452883307980553e-01 8.377399655221117597e-03 2.562684694792314866e-01 7.924810557541327183e-02
-5.180662461887800552e-01 8.459590815292900370e-03 2.585990468480456883e-01 6.975991195936924461e-02
-5.226373654551353942e-01 8.540998020612264666e-03 2.609087159535504186e-01 5.956564855688639692e-02
-5.271593368844679217e-01 8.621624211938544446e-03 2.631998530340848852e-01 4.841810522379499937e-02
-5.316328429921592935e-01 8.701472985132869403e-03 2.654769998465799086e-01 3.585531558936091989e-02
-5.360585608560594073e-01 8.780548678527606496e-03 2.677524148822075789e-01 2.075313051854359853e-02
